12.9071
13.2584
12.8635
13.0686
13.3121
13.0973
12.7897
12.7986
13.3116
13.096
12.814
13.1818
13.1648
12.9328
12.86
12.9089
12.9393
12.7345
12.9334
12.7672
12.9678
13.1612
12.4843
13.2083
13.0711
13.2445
12.791
13.0787
12.9775
13.1584
12.6852
13.1302
13.3876
13.0439
13.036
12.8406
13.3039
12.7589
12.7441
12.9177
12.625
12.7259
13.0247
12.896
12.8044
13.296
13.0182
13.1731
13.1714
12.5343
12.5513
12.9986
12.881
12.8602
13.2739
12.9595
12.8806
13.2279
12.7731
13.1408
12.9513
13.2926
12.628
12.5223
12.9367
12.7927
12.3789
12.7969
13.042
12.7502
12.9467
12.9907
12.939
12.9036
12.7291
12.7181
12.9135
12.9036
13.0722
12.8644
13.0819
13.1139
12.7378
12.8856
13.0054
13.0722
12.9571
13.3839
12.8941
13.0825
12.9403
13.2206
13.0928
13.0051
12.839
12.9729
12.8127
13.1643
13.3292
13.1253
13.2475
13.2026
13.1216
13.1401
13.084
13.0531
12.8594
12.8769
12.7674
13.0731
13.3526
12.8489
13.1326
12.9337
12.6717
13.1291
12.8725
13.3158
13.1613
13.3234
12.7094
12.7837
12.6974
12.9086
13.0854
12.8338
13.3501
12.8861
13.1883
13.3116
13.2275
13.1865
13.2626
13.062
13.2557
13.37
13.2617
13.1608
12.7314
13.3631
13.2259
13.3449
12.9134
12.8836
13.2271
13.1343
13.3572
12.9799
12.8934
12.8561
12.8164
13.0774
12.6396
12.9048
13.0087
12.8204
12.6878
13.306
12.895
13.2777
12.7358
13.2674
13.036
12.7802
12.8454
13.3809
13.189
13.0542
12.9263
13.0031
13.2004
12.76
13.0773
13.0394
12.9634
12.7484
12.9745
13.1342
13.3263
13.0461
13.2578
13.1175
13.0515
12.975
12.6704
12.522
12.8505
13.0627
13.3199
12.7009
12.8953
13.0798
12.7612
12.9794
13.3507
13.3768
13.0462
13.3477
13.3744
13.2868
12.986
12.9556
12.491
13.2972
13.2876
12.6235
12.7002
13.1734
13.2051
13.1104
12.6758
13.1564
13.0855
12.3302
13.0715
13.4554
13.1523
12.858
13.2528
13.3659
13.4536
13.032
13.0001
12.8291
13.3426
12.787
12.9922
13.2089
12.9939
13.3468
13.2256
13.3871
13.0815
13.1002
13.291
12.9418
13.4692
12.9809
12.9482
13.1612
12.8779
13.2861
13.0946
13.254
12.8763
12.8691
12.7586
12.8887
12.7718
12.9344
13.0798
12.8614
12.6965
12.7793
13.3398
12.8769
13.5607
13.5088
12.7613
13.1834
12.6851
12.9465
12.7992
13.2136
13.2503
13.0534
13.1598
12.708
13.5433
13.0182
13.3908
12.8748
13.1651
13.7454
13.0395
13.227
13.1282
13.0741
12.7886
12.876
13.3066
12.9225
13.2882
13.3449
13.1344
13.1579
13.7273
13.0765
13.2162
12.9512
12.9694
13.0061
12.9927
13.0664
12.6845
13.0704
13.2806
12.8855
13.0535
13.1541
13.0528
12.7838
12.7462
13.2417
12.8387
12.6579
12.9044
12.5125
12.9844
12.8245
12.9879
12.8276
13.0156
12.4174
12.8321
12.4745
12.964
12.9545
12.9259
12.6929
13.3504
12.5657
12.5514
13.0471
12.8702
13.0815
13.2138
13.0741
13.2612
12.7108
12.7805
12.6607
13.043
12.8963
12.846
13.0156
13.4213
13.0608
12.9551
13.0518
12.4762
12.9113
12.5876
12.6127
12.7224
12.854
12.936
13.1374
13.1873
12.9161
12.8177
13.0068
12.9564
13.0668
12.9936
13.1774
13.1986
12.9126
12.7046
13.0831
13.0736
12.9522
12.9669
12.8443
13.3363
12.8319
13.021
12.8218
13.1746
12.9596
12.8625
12.6833
12.8437
13.1001
12.9864
13.0327
12.9504
12.9093
12.3453
12.6442
13.3059
13.1803
12.6912
12.6497
12.607
12.8194
12.9543
12.7253
13.1082
13.1385
13.3165
13.4047
13.2438
13.0983
13.0339
12.9112
12.9193
12.8451
13.1837
12.9071
12.8474
12.6246
13.1077
12.7757
12.8469
12.8789
13.6869
13.0355
12.806
12.6433
13.1631
12.4805
12.7878
13.303
12.534
13.3261
12.232
12.9404
13.0142
13.299
13.2321
12.7989
13.9503
13.1516
12.4754
12.9448
12.8459
13.1677
12.5913
13.1722
13.0138
12.8105
13.086
13.149
13.1527
12.8085
13.0155
12.7694
12.7977
12.6309
13.0903
13.1488
12.562
12.8556
12.6615
13.3138
13.3444
12.8189
13.1093
12.7939
12.9561
12.9103
13.1431
12.7951
12.9112
13.0558
12.9706
13.199
13.1489
13.2167
12.9651
13.0014
12.8882
13.2526
13.0268
12.8056
12.9286
12.4439
12.9794
12.9565
12.8493
13.1855
12.6807
12.7561
12.7349
12.853
13.024
12.9739
12.8412
12.9902
12.8631
12.6417
12.949
13.0872
12.603
13.1344
13.4178
13.0313
13.3976
13.3097
12.9377
13.0943
12.9908
13.1453
12.9056
13.1478
12.994
13.2006
12.9934
13.0863
13.4923
13.2393
13.0593
12.7794
13.523
13.1665
13.0933
13.3115
12.9927
13.2452
13.0439
12.9389
12.9837
13.172
13.1947
13.2627
12.7181
13.317
13.1694
13.206
12.9556
13.1244
12.9424
13.3506
13.3523
13.5811
13.5738
13.5226
13.1772
12.8475
13.145
13.2375
12.7777
13.1543
12.8872
12.7199
13.1547
13.1374
13.0443
13.1789
13.3777
12.9902
12.8653
12.9519
13.1396
12.973
12.6803
12.8481
13.0313
13.0785
13.1904
13.2921
12.7643
13.2247
12.9841
13.3215
13.0595
13.0277
13.173
13.3015
13.3234
13.094
13.3844
13.0335
13.0614
13.3059
13.3732
13.1892
13.1442
13.3711
13.5127
13.2282
13.061
13.2332
12.655
12.7767
13.0688
13.3906
13.2243
13.1829
12.3919
12.5725
12.9936
12.7219
13.0298
13.0136
12.8322
13.1883
12.9795
12.6187
12.8309
13.0742
12.8717
13.133
13.0647
12.6386
12.2146
13.4022
12.9946
13.4898
13.3792
13.2498
13.1454
12.5426
13.0521
13.1388
13.0924
13.0463
13.2587
13.053
13.0647
12.8531
12.8952
12.6412
13.1262
13.2239
13.0541
13.0265
12.9033
13.1089
13.0511
12.8603
13.008
12.908
13.002
13.4132
13.1646
13.2074
12.9136
12.7957
13.6032
12.9063
13.1383
13.2072
13.024
13.0782
13.5008
13.4706
12.6834
13.0446
12.7
13.0871
12.8749
13.2906
13.086
12.6978
12.9291
12.5496
13.2046
12.6232
12.5852
13.2007
12.8861
13.2111
13.4127
12.8725
12.7066
12.7729
12.7084
13.4485
12.7636
12.5466
12.6061
13.0455
12.9359
13.6999
13.121
12.9647
13.0551
12.8946
13.0861
13.0863
13.0864
12.826
12.7584
12.239
12.8915
13.2281
12.9133
12.7079
12.9341
12.6552
12.5328
13.1213
12.9609
13.4132
12.9737
12.9704
12.7941
13.0285
12.4992
12.8329
12.9831
12.7639
12.6055
12.4809
12.6813
13.4343
12.9398
12.9035
13.0948
13.1907
12.8384
12.9743
12.8856
12.7591
12.8845
12.8844
12.4954
13.0294
13.0233
13.2006
12.3761
13.0608
12.5223
12.959
12.8779
12.8169
12.5596
13.0842
13.1287
12.8443
12.9517
12.8959
12.8563
12.6939
13.072
12.9769
12.9372
12.8648
12.8362
13.0468
13.0064
13.1632
12.9337
13.1156
13.0137
12.5617
13.038
12.9593
12.9427
12.9412
13.4168
13.4887
12.7384
12.6107
13.1208
12.8193
12.8475
12.7567
12.9364
12.8248
12.8571
12.8446
12.7133
12.9456
13.1474
12.7299
12.8518
12.7728
12.7378
12.9656
12.9547
12.9135
13.1235
12.5248
12.3839
13.0915
13.0607
12.3979
12.4037
12.8471
12.5938
12.8732
12.4744
12.9828
12.8811
12.881
12.7541
12.6684
12.7748
12.7044
12.9269
13.1037
13.0911
12.5383
13.0491
12.8974
12.9006
13.0495
12.995
12.9392
13.0453
12.7847
12.4893
13.1457
12.2421
13.1296
12.7348
12.6206
12.9578
12.779
12.9768
12.9982
12.6642
12.3316
12.4154
12.7922
12.7955
12.7755
12.5925
13.0366
12.7996
13.4504
12.8047
12.8527
12.8222
12.7787
12.7405
12.9307
12.9303
12.6179
12.8608
12.6809
12.9041
12.7374
12.7611
13.0765
12.6632
12.7904
12.8573
12.9846
12.6282
12.9233
12.761
12.9273
12.5874
13.1236
12.9815
12.2782
12.8823
12.6798
13.22
12.4551
12.8273
12.8442
12.836
13.3537
13.3134
13.0251
12.4938
13.0821
12.863
12.7779
12.6379
13.0725
12.8363
12.6053
13.0794
12.7946
12.6433
12.8997
12.8376
12.3218
13.277
12.7139
13.0634
12.5678
12.4489
12.6769
13.3315
12.8123
12.8499
13.0233
12.6611
13.1408
12.5501
13.0599
12.8867
12.8545
13.3251
12.9768
13.0104
12.4757
12.7931
12.7722
12.9136
12.8237
12.7467
12.9215
12.8715
12.9041
12.6506
13.3416
12.683
12.9451
12.7253
12.6605
13.0097
12.9589
12.4191
13.1041
12.9881
13.1695
13.0074
13.2049
12.8147
12.9979
13.0441
12.9293
13.2303
12.627
12.6328
13.0923
12.9841
12.6976
13.1918
12.7892
12.8024
12.9488
12.9698
13.2092
12.5635
12.8264
12.6846
12.9122
12.9878
12.845
12.9602
12.7872
12.8196
12.6282
13.2012
12.598
12.6117
12.493
13.133
12.8176
12.6356
12.7326
12.7614
12.8066
12.854
13.2009
13.1863
12.6006
12.8026
13.3917
12.7417
12.9532
12.9049
12.6555
13.0264
12.8511
12.7315
12.962
13.1162
13.2985
12.8079
13.3728
12.7437
12.8959
12.5089
12.9142
13.0136
12.5006
12.8579
12.8811
13.0123
13.1988
12.8721
12.9172
13.1547
12.3706
12.8614
12.5405
12.8769
13.2151
12.9558
13.2723
12.7303
13.1365
12.7732
12.8823
12.2635
12.5349
12.8627
12.9551
13.0178
12.9824
12.9605
13.1763
13.1312
13.2776
12.5679
12.984
12.8702
12.9632
13.0002
12.8067
12.8042
12.9279
12.8665
12.3378
12.8688
12.697
12.9852
12.6778
13.0517
12.5953
12.9881
13.0915
12.8621
12.6374
13.2243
13.1259
13.1645
12.8396
12.9851
12.8652
12.5569
12.7944
12.7778
12.257
12.913
12.6885
12.6936
12.9828
12.9237
13.0193
12.9834
12.9765
12.8548
12.7365
12.9754
13.1175
12.719
12.5855
12.4045
12.6352
12.8961
12.8861
13.469
13.2175
12.9968
12.3725
12.956
13.2461
12.3285
12.8393
12.4582
12.7927
12.8018
12.8246
12.9234
12.9332
13.0626
13.0879
12.9046
12.5892
12.901
12.6785
13.2513
12.8429
12.8073
13.0086
12.8308
12.7809
12.617
12.6244
12.6829
13.0817
12.7398
12.8924
12.9152
12.501
12.5839
13.0161
12.7773
12.8762
12.759
12.6766
12.9989
12.5993
12.6301
12.6608
12.6759
12.7118
12.7348
12.7046
12.701
12.686
12.8552
12.7712
13.0278
12.9127
12.7213
12.6168
12.9798
12.3041
12.6508
13.1463
13.0028
12.7911
12.9588
13.0056
12.5498
12.5001
13.1657
12.9541
12.7141
12.5234
13.1617
12.8062
13.0525
12.9265
12.8745
12.7143
13.0774
12.926
12.7727
12.7512
13.3988
12.98
12.8129
12.7092
12.9984
12.8917
12.8892
12.5381
12.9725
12.7538
12.6176
13.1815
12.9457
12.716
12.8424
12.7257
12.9389
13.4996
12.6682
12.7009
12.9354
13.1315
13.0783
13.1905
12.8693
12.8938
12.8721
13.1456
13.2255
13.0095
12.869
13.0608
13.1637
12.9609
13.0421
12.7988
12.9044
13.0975
13.0356
12.9684
12.901
12.6757
12.9963
12.9576
12.7117
12.7001
13.077
13.338
12.9457
13.3028
12.9199
12.8515
13.0297
13.1658
12.8906
12.9701
13.3957
13.0808
12.7733
12.7798
12.8074
13.0595
12.7914
12.8772
12.9473
12.9026
13.3996
13.0502
12.9047
13.0027
12.6525
12.7382
12.7258
12.9464
13.0424
12.6834
13.223
13.0247
12.7123
13.3141
13.1244
12.6694
12.8499
13.2348
12.6101
12.8977
12.5837
13.0354
13.2456
12.7564
13.0292
13.2318
13.3956
13.1408
13.3775
13.1613
12.88
13.3549
13.1064
13.1032
13.396
13.5854
13.1768
13.1883
13.2836
12.7992
13.3664
12.9223
13.1119
13.1191
13.2423
12.9927
13.1748
13.3032
12.9678
12.89
13.0174
13.2794
13.2913
13.5804
13.1508
12.937
13.2631
12.7333
13.4606
13.1592
13.2118
13.064
13.2908
12.8424
13.1345
13.1613
12.9721
13.1269
13.4444
13.2265
13.3239
12.8591
13.4048
12.7549
13.1181
12.8136
12.7511
12.8041
13.1663
13.307
12.7241
13.3863
12.5414
12.9268
12.9425
13.1879
12.9222
13.2142
13.1006
13.1102
13.521
13.1567
13.3532
13.0969
13.1823
13.2054
13.3522
13.4605
13.3114
13.076
12.986
12.9397
12.8727
13.0628
12.8224
13.2817
13.4411
12.9973
12.5463
12.971
12.513
12.9982
12.9285
13.1954
13.4626
12.8554
13.0156
13.0646
12.8485
13.0015
13.0555
12.9628
12.7135
12.9958
13.0888
13.1833
13.0251
12.6992
12.8668
13.2097
12.4464
12.7593
12.7485
12.8704
12.9338
13.1078
12.6771
12.9254
13.0742
12.8408
12.9768
13.2084
12.1663
12.6528
12.7418
12.8484
12.9662
12.3831
12.8602
12.9571
13.1453
12.7486
12.612
12.9301
13.0787
13.0456
13.2598
12.5803
12.9399
12.5364
12.7823
13.0905
12.4226
13.0087
13.0949
12.4738
12.6707
12.8466
13.1001
12.5246
12.602
13.0782
12.914
12.9142
12.7966
13.1756
12.9835
12.7253
12.7642
12.674
12.8706
13.0999
13.272
12.9452
12.776
12.7806
13.0437
13.218
12.8322
12.5515
13.0598
13.0318
12.806
12.9414
12.7697
12.8824
12.8823
12.874
13.2227
12.6388
12.5392
12.8337
12.7805
12.6666
12.9717
12.6859
12.9852
12.705
12.8767
13.5672
12.6901
12.7552
13.0717
12.9609
12.8204
12.9209
13.0324
12.6556
12.9769
12.4855
12.5643
12.6586
13.1229
12.9068
13.0249
12.4766
12.9788
12.6762
12.9391
12.744
12.6426
12.8394
12.7284
12.6702
12.6267
12.9228
12.7962
12.5921
12.9817
12.7477
12.8994
12.9542
12.7449
12.7578
13.2239
13.0698
13.1089
12.6224
12.9637
12.8663
13.1859
12.9915
12.928
12.8997
13.1589
12.908
12.8381
12.7826
12.4125
12.7876
12.7977
12.4655
12.8508
12.9647
12.6661
12.7294
12.8833
13.136
13.1615
12.578
12.9551
12.8688
12.7709
12.832
12.9058
12.8916
12.6688
12.6568
12.8077
12.9933
13.3475
12.8419
12.271
12.8579
12.7628
12.4591
12.8252
12.6694
12.617
13.1414
12.6186
12.9823
12.6737
13.0173
12.9165
12.9297
12.8693
12.7594
12.3589
12.8391
12.668
12.6375
12.4371
12.5345
12.944
12.9217
12.9026
12.7911
12.9067
12.8052
12.7058
12.8469
12.7399
12.6925
12.8806
12.3026
12.9569
12.7199
12.765
12.9764
13.3264
12.7695
12.7512
13.1394
12.6993
13.1172
13.1288
12.6028
12.6671
12.7019
13.2886
12.5737
12.6586
13.0935
12.9592
12.9934
12.6452
12.841
13.0912
12.8413
12.8267
12.9061
13.1464
12.8357
13.0933
12.8986
12.5875
12.5856
12.5523
12.495
12.6749
12.8193
12.714
12.9309
12.6862
12.8099
12.5427
12.8829
12.4562
12.8831
12.9326
12.9415
12.6353
12.7468
12.5337
12.4021
12.7705
12.6598
12.8468
12.6425
12.9541
12.8017
12.7066
13.2081
12.6972
13.1814
13.1025
13.1036
12.7979
13.072
12.3572
12.7316
12.8217
12.7151
12.7172
12.8536
13.3932
13.1806
12.8423
12.9188
12.8118
12.4046
12.4757
12.7128
13.0138
12.8569
13.0439
12.6545
12.7638
12.8559
12.5241
12.8864
12.9461
13.0172
12.9316
12.8564
12.8718
12.9928
12.8154
13.0762
12.8558
12.6883
12.6333
12.8946
12.8438
12.8454
12.6968
12.6496
12.6683
12.9088
13.1303
12.6562
12.5921
12.7159
12.6878
12.7897
12.8519
12.8636
12.7089
12.6193
12.82
12.8982
12.8813
12.9416
13.0696
12.912
12.7606
12.9054
12.8061
13.1044
13.0942
13.0504
13.2773
13.2724
13.5483
12.945
12.6569
12.9157
12.6516
12.9678
12.9411
12.6972
13.1092
12.9358
12.757
13.0046
12.6454
13.2486
12.7869
12.6423
12.7492
12.9641
12.639
12.6364
12.8387
12.6968
12.8188
12.9341
12.8556
13.1284
13.0329
12.794
12.9054
12.7032
12.8603
12.7902
12.7768
12.7856
12.8337
13.5291
13.2039
13.0715
12.6967
12.995
13.1914
13.3427
13.1116
12.7756
12.893
12.9671
12.5938
13.0474
12.9664
12.9893
12.7675
12.9267
12.8997
12.7479
12.667
12.5843
13.019
13.1027
12.7209
13.2698
12.9224
13.0472
12.8336
12.9809
12.9539
13.0069
12.8498
12.9583
12.7706
12.9514
12.6867
12.9917
12.5044
12.7173
12.9036
12.7025
12.9764
13.0855
13.0953
13.2864
13.0076
12.4817
12.8341
13.1535
12.7212
12.8162
12.9809
12.8933
13.2372
12.5729
12.6659
13.0317
12.7323
13.3954
12.639
12.6157
12.9764
12.8353
13.0736
12.8774
12.8218
12.8238
13.0276
13.2066
12.749
12.8785
12.9345
12.9224
13.3542
12.5472
12.8395
12.8095
12.9092
12.8661
12.8527
12.7187
12.3403
12.4655
13.1687
12.9823
12.7171
13.0578
12.4944
12.6819
12.8863
12.6975
12.3995
13.0339
12.9556
12.6247
12.9077
12.5611
13.2757
12.8142
12.9316
12.8332
12.8337
12.9324
12.6829
12.47
12.8234
12.8161
12.9307
12.7006
12.3926
12.957
12.6873
13.0784
12.8144
12.6989
13.0088
12.8988
12.8646
12.906
12.8314
12.8244
12.8144
12.7554
12.7743
13.1154
13.2055
13.0056
13.03
12.7956
13.043
12.847
12.621
13.4385
12.5484
12.625
13.0872
13.0171
12.8193
12.9597
12.5741
13.1008
12.919
13.1568
12.6563
13.0878
12.8856
12.7856
13.0009
13.1266
12.5046
12.5789
12.9
13.0104
12.7323
12.8131
13.0849
13.3405
13.2107
13.1107
12.3484
12.7205
12.7772
13.1203
12.692
12.7967
12.7095
12.9415
12.9565
13.1315
12.7408
12.667
12.8131
12.3859
12.6168
12.9699
12.7958
13.2599
12.6189
12.5419
13.2068
12.8424
12.6761
13.3796
13.1231
12.548
13.106
12.7673
12.5853
12.8946
13.3719
12.6821
12.8789
12.7951
12.8729
12.8167
13.0647
13.1579
12.736
12.8445
12.6186
13.0791
12.8132
13.32
13.3314
12.7601
13.0631
13.0656
12.8617
12.8762
13.2253
13.3447
12.8166
13.0899
13.1589
12.8318
12.635
13.391
12.9737
13.0706
13.1205
13.2074
13.2562
12.7168
13.1397
12.7575
13.0567
13.1197
12.6929
12.975
12.945
12.8121
12.8909
13.1946
13.1333
12.9814
13.1729
13.1524
12.8437
12.8222
12.8299
13.1393
13.0482
13.0135
12.6925
13.0842
13.1348
13.0881
12.8008
12.8694
12.8125
13.0048
12.8426
13.3792
12.8535
13.1458
13.16
12.9592
13.0592
12.493
13.0134
13.0563
13.1897
12.9705
13.038
13.2144
12.6489
13.4245
13.2794
13.0776
12.867
13.4141
13.002
12.8097
13.3556
13.011
13.1729
13.0539
12.7741
12.8411
13.2717
12.8684
12.7404
13.3309
13.503
13.2467
13.0729
12.8294
13.4018
12.6807
12.8632
13.1357
13.2984
13.1988
13.3187
12.9883
13.1834
12.578
13.4362
13.1539
12.968
12.9097
12.7608
13.0746
13.2334
12.9425
12.9671
12.7226
12.9072
13.1976
13.0309
13.042
13.2647
13.1108
13.0443
13.2748
13.2496
13.0201
13.2009
13.0062
13.255
13.0247
12.8186
13.0642
13.2084
13.1692
13.2194
13.007
12.908
12.9415
12.9771
12.7996
13.1382
13.0759
13.3285
12.9047
12.87
13.2844
12.8827
13.2666
12.9662
13.0695
12.8251
13.2175
12.8853
13.0029
13.251
12.8997
13.0544
12.8161
13.4523
13.325
13.3096
13.2143
12.9705
13.2738
12.8255
13.1226
13.0551
12.8479
12.7348
12.7916
12.475
12.7056
13.1055
12.859
12.8844
12.6688
12.5786
12.7967
12.5541
13.1302
12.6112
12.4635
12.9156
12.7362
12.4092
12.8859
12.5516
12.7009
12.9904
12.726
12.7255
12.941
13.0096
12.7961
12.4166
12.5565
12.7822
12.6102
12.6262
13.0276
12.7221
12.7487
12.9005
12.6743
12.9575
13.0016
12.7797
12.892
13.0216
12.7471
12.8568
12.4163
12.8112
12.7702
12.8604
13.1009
12.7934
12.8338
13.0986
12.5597
12.6166
13.3533
12.8045
12.8349
12.81
12.7406
12.7921
12.6342
12.9236
12.7542
12.5733
12.6386
12.5707
12.9591
13.1857
12.7641
12.9398
12.4174
12.6167
12.7228
13.1404
12.8029
13.0888
12.8726
13.0724
12.8657
13.0505
13.0497
12.8222
13.0083
12.9833
12.9232
12.9695
13.0581
12.9419
13.0724
12.7938
12.8569
12.8672
13.1944
12.404
12.9927
13.2104
12.6465
13.0007
12.8401
12.8902
13.0092
12.5773
12.8203
13.2347
13.0486
13.193
13.1148
13.1019
12.8691
12.9007
12.9246
13.1045
13.0093
13.1193
12.7307
12.8746
12.6714
12.9166
12.5279
12.8157
12.4782
12.808
12.8273
12.7692
13.0658
12.9514
12.786
13.0265
12.8521
13.0733
13.0685
12.9089
12.7912
12.807
12.9243
12.5751
12.9396
13.1425
12.4431
12.4759
12.875
12.6907
12.849
13.1067
12.946
12.6811
13.0071
12.626
13.2152
12.906
12.756
13.3719
12.7304
12.8359
12.9141
13.1501
12.6397
13.0713
12.7099
13.1885
13.3663
13.3923
13.0333
12.9547
13.0622
12.537
13.1105
13.5777
12.7846
12.5354
12.8965
12.9066
13.2596
12.8715
12.935
12.9225
13.1635
13.0536
12.7764
12.7948
12.8362
12.7591
13.0194
13.1138
13.5174
12.9877
13.042
13.3754
13.3163
12.9519
12.9371
12.6464
12.7952
13.3438
13.0593
13.1287
13.0852
13.04
13.3004
12.855
12.7632
12.6835
13.4087
13.0112
12.9104
13.0077
13.0764
13.0518
13.1492
13.0112
13.007
12.854
12.6606
12.7621
12.9765
12.9622
13.2565
12.933
12.9964
13.1844
13.0682
12.8636
13.52
12.6288
12.5278
12.8001
12.9404
12.915
12.709
12.6323
12.7402
12.6704
13.0238
13.1706
12.7681
12.9882
12.763
13.08
12.755
12.8725
13.0204
12.8928
12.9039
12.8754
12.6799
12.9573
12.8099
13.1213
12.686
12.2426
12.9189
12.5661
12.8663
12.6374
13.281
12.763
12.6971
12.7668
13.1543
13.0386
12.8565
12.9092
13.3248
12.6832
12.6971
12.5008
12.6797
13.1157
12.9349
12.8709
12.4292
12.9367
12.7444
12.9039
12.5355
12.583
12.7132
12.8411
12.9185
12.4819
12.7774
12.719
12.6269
12.8389
12.975
12.7481
12.944
12.9711
12.9565
12.6473
12.6208
12.5883
12.9749
12.6198
12.7009
12.6216
12.8324
12.8296
12.7059
12.5563
12.4122
12.8775
12.9023
13.1465
13.2573
13.3047
13.1196
12.7422
12.6579
12.8685
12.7799
12.7069
12.9272
12.801
13.0181
13.1133
12.5329
13.007
12.97
12.9715
13.1014
12.7979
12.9329
13.1523
12.8068
12.6641
12.6964
13.081
12.8119
13.0847
12.8146
13.1609
12.7789
12.9313
12.6812
12.5057
12.7862
13.2334
13.3348
12.9094
12.7809
12.7608
12.7031
13.4345
12.8595
13.2529
13.2687
13.2727
13.0268
12.7296
12.8028
13.0515
12.8229
12.9414
12.796
12.6609
13.0212
12.9629
13.0112
12.6195
12.9317
12.9977
13.0915
12.6904
13.1186
13.1713
13.0922
12.817
12.9648
12.8737
12.7506
12.9206
12.6271
13.1998
12.6591
12.6455
13.0187
12.8932
12.8606
12.9668
12.7127
13.1392
13.1778
13.2446
12.835
12.9766
13.0861
12.9035
13.0651
12.8774
13.0885
12.6946
13.0215
12.6023
12.9864
12.6703
12.9686
13.0114
12.6962
12.5675
13.2826
12.8676
12.9078
13.2521
12.9487
12.9785
13.1606
12.9037
13.1406
12.7515
13.176
12.9363
13.0199
13.2824
12.9943
12.9754
13.1477
12.4248
12.9474
13.191
13.01
13.2673
13.1108
12.9894
12.7761
13.0517
13.2379
12.8677
12.9045
12.9409
12.8994
13.1044
13.1046
13.157
12.4554
12.7296
12.6637
12.8491
13.0904
13.0354
13.1008
12.7449
12.7833
13.0623
12.7878
12.8517
12.6219
12.6906
13.174
12.7251
12.8649
12.8793
12.6333
13.0168
12.701
13.0082
12.8143
12.974
12.7372
12.5092
13.1881
12.6003
12.5806
12.9184
13.0583
12.8263
12.7468
12.5705
12.8677
12.939
13.1268
12.9455
12.7388
12.6972
12.9672
13.1019
13.1578
12.8889
12.852
13.122
12.9747
13.2298
12.8692
12.9715
13.2603
12.5019
13.4072
12.72
12.6542
12.9506
12.4029
13.1291
13.0896
13.1039
12.7654
12.6478
12.7944
12.7847
12.9803
12.8047
12.5173
12.906
12.6869
12.8708
13.1505
12.9726
12.936
12.6504
12.8637
12.4419
12.7143
12.9671
12.968
12.7335
13.4246
12.9939
13.2268
13.1117
12.8126
13.0667
12.8475
12.8416
13.0234
12.9018
13.3588
13.2864
12.6397
13.0129
12.9104
12.6919
12.6981
13.0802
12.9843
13.0395
12.8883
12.4812
13.0643
13.1033
12.8129
13.2771
13.0115
13.202
13.2444
12.9966
13.1406
13.3195
12.6593
12.8825
13.4428
13.4757
13.3354
13.1151
12.7643
13.1025
12.7272
12.8962
12.46
13.2113
12.8279
12.9863
13.3395
13.1207
12.9251
12.6006
12.7064
13.0593
12.7968
12.8635
13.0218
13.1233
13.2187
13.3084
13.6559
12.5912
12.9014
13.1377
12.8984
13.2321
13.0892
12.5034
13.1052
12.8001
12.7391
13.3311
12.8615
12.7635
12.625
12.5433
12.4085
12.6149
12.3888
12.9665
12.842
12.7725
13.0245
12.5119
12.6301
12.8836
12.2814
12.939
12.8852
12.6566
13.3047
12.4281
12.331
12.7896
12.7051
13.2653
12.6951
12.8267
12.6279
12.8761
12.7776
12.3472
13.0786
12.6456
12.5657
12.8299
13.178
12.8863
12.3465
12.536
12.2055
12.6024
12.652
12.388
12.5975
12.3456
13.0433
13.0809
12.6085
12.7793
12.5834
12.8266
12.4954
12.9286
12.6575
12.0733
13.1826
12.6987
13.0735
12.6304
12.68
12.7625
12.2998
12.4483
12.7523
12.828
12.7258
13.1329
13.2089
12.9921
12.9153
12.8264
13.0463
12.9029
12.8888
12.9262
12.4657
12.976
13.0297
12.7916
12.6213
12.763
12.9231
12.9705
12.9778
13.006
12.8702
12.8019
12.8626
12.9827
13.0741
12.7348
13.113
12.8725
12.7782
12.8641
12.8727
12.9066
12.9545
12.7328
12.772
13.0533
13.3993
12.7707
12.9739
12.6824
13.1899
13.0513
12.9018
12.7502
12.6373
12.8057
12.8688
12.9093
13.0739
12.5833
12.8787
12.9756
12.9676
12.6013
12.9674
13.1203
12.9813
12.9834
13.3521
12.9686
12.739
12.9233
12.5416
12.9974
13.1207
13.1568
12.9537
13.2265
13.2049
12.9482
12.8422
12.2808
12.7572
12.892
12.6299
12.8261
12.7398
13.3585
12.7309
13.0768
12.4037
12.8752
12.8758
13.3705
12.6585
12.8389
12.9701
12.6367
12.8176
13.3893
13.1914
12.7576
12.7387
13.3197
13.0691
12.6657
12.6791
12.7618
12.7788
12.4796
12.7018
13.2697
13.3303
13.0153
12.6554
13.1774
13.3233
13.0014
12.8977
12.9118
13.0731
13.4014
12.6674
13.2439
13.0258
12.8233
13.0781
13.1533
12.8064
12.8978
13.0853
12.9096
13.3033
12.7278
13.1463
13.2265
13.327
12.7868
12.548
12.9175
12.7818
12.9113
13.2308
13.0376
13.1115
13.3993
12.6722
13.3373
12.9444
12.6242
12.8607
13.4788
13.0065
13.1255
12.9183
12.955
13.0519
13.062
13.1018
13.1875
13.1355
13.0299
13.0292
12.7009
13.0138
13.2588
13.0432
13.2893
12.744
12.8495
13.1667
12.7643
12.9187
13.3253
13.011
12.5843
13.352
13.0444
13.0713
13.0813
12.9989
12.9854
12.9274
13.1658
12.7651
12.9393
13.3482
12.9287
13.0462
13.0159
12.7145
12.7306
12.6769
12.7849
12.6512
12.7091
13.1613
13.0387
12.6505
13.0972
13.0974
12.5802
13.1206
12.7595
12.9828
12.8009
13.2308
12.9748
13.0504
12.9051
13.3163
12.9618
13.0288
13.2253
13.0575
13.1335
13.2921
13.4129
13.338
12.9511
13.4938
13.1314
13.0232
13.0018
13.0764
13.3255
13.0564
13.0117
13.0397
13.2757
13.5257
12.7408
13.1066
13.1459
13.2127
13.1586
13.0354
13.0005
13.0565
12.9177
13.0363
12.8543
12.9864
13.1116
12.8993
12.9054
13.0523
13.0044
13.1666
13.2396
12.6333
12.734
13.0473
13.012
12.7162
13.0944
12.9412
12.9454
12.7885
12.8906
13.0265
13.3053
12.9851
12.7778
12.8172
12.8207
13.0278
12.7218
12.945
13.0622
13.3021
13.3161
13.1841
12.6232
13.1088
12.933
13.0808
13.0034
12.7961
13.2674
13.2352
12.6743
12.9329
12.667
13.1337
12.8209
13.0329
12.7344
13.0901
12.7693
12.8565
13.1603
13.2186
12.6075
13.1684
12.8658
12.8845
12.8712
12.9992
13.0332
12.9763
12.5183
12.9609
13.0457
13.0171
12.9988
12.9952
13.0412
13.143
13.0802
12.6749
13.0033
12.6762
13.2395
12.8753
12.7383
12.9841
12.7798
12.7708
12.8302
13.3013
12.8469
12.7345
13.577
12.6162
13.2273
13.2029
13.0601
13.0738
12.8184
13.1216
12.7666
12.8418
12.6862
13.1547
13.0809
13.0519
13.0292
13.016
13.1289
12.7799
13.354
13.3742
13.1107
13.1755
12.9913
13.3314
13.0388
13.2013
12.9329
12.8714
12.8698
12.9531
13.0879
13.2237
12.4378
13.3048
13.1233
12.9845
13.1282
13.3241
13.1577
13.2594
12.8637
12.7882
13.0279
13.1415
12.752
13.2065
12.7894
13.4264
12.9943
12.9658
12.8266
12.9885
13.0867
13.0137
13.2832
12.8328
12.7864
12.8932
13.0124
12.734
13.1214
13.0284
13.1986
13.2629
12.7707
13.3564
13.2856
12.9028
12.7565
13.3065
12.9103
12.9412
13.1888
13.0788
13.056
12.7669
12.8558
13.2547
12.6545
12.8661
12.9989
12.8099
12.7165
12.6083
12.8734
12.6355
12.9921
13.1749
12.9945
12.6606
13.0168
12.929
12.9984
13.033
12.9512
13.1127
13.315
12.6693
12.6558
12.8989
13.0265
12.638
13.0791
13.1848
12.6685
13.079
12.8938
13.0829
13.0196
12.7596
12.8788
12.8131
12.8763
13.068
12.8916
12.8999
13.0967
13.0324
12.7381
12.688
12.9852
13.1841
12.8738
12.8701
13.0215
13.4409
13.2744
12.82
12.7658
12.6953
12.7589
13.0125
12.8171
12.8321
12.7386
12.6589
12.5995
12.768
12.4181
12.7007
12.9966
12.6157
12.8243
12.8192
12.4954
12.7158
12.7158
12.8348
12.7469
12.595
12.5477
12.7915
13.019
12.7254
13.1037
12.9606
12.8052
12.812
12.279
12.7398
12.5887
12.9113
12.5906
13.4662
12.7495
12.7051
12.3635
12.8676
12.9226
12.6549
12.9166
12.6926
12.9041
12.7641
12.8497
12.7444
12.9068
12.6752
13.3176
12.7198
12.9119
12.8649
12.7968
12.4928
12.8602
12.2272
12.9385
12.9492
12.8828
12.8458
12.7077
12.8929
12.7393
13.0724
12.7984
12.9454
13.0901
12.8483
13.088
13.162
12.6589
12.6239
12.7198
13.0857
12.7285
12.6988
12.7895
12.7632
12.6024
12.7816
13.07
13.0039
12.9311
13.1059
12.7602
12.9869
13.0556
12.8434
12.4277
12.6248
12.7606
12.9146
13.1629
12.9154
13.1901
13.1387
12.7339
12.4567
12.972
13.0315
12.602
13.0695
12.9733
12.812
13.2412
12.9399
12.9972
12.8604
12.7278
13.2735
12.9954
13.061
12.6686
12.8261
12.6843
12.9897
12.8595
12.5065
12.9781
12.8125
12.9431
12.9875
12.8628
12.8019
12.3976
12.5923
13.1441
13.0879
12.8218
12.9712
13.0402
12.6707
12.7049
12.7592
12.4987
12.6401
12.7833
12.6092
13.2832
13.1547
12.8328
12.7066
13.1736
12.9723
12.4073
12.8168
12.9291
12.9661
12.623
12.5627
12.989
12.5972
12.7777
12.9906
12.5138
13.3655
12.7139
12.9492
12.5473
12.7034
12.9247
12.7178
12.972
12.883
13.0402
13.0094
12.4578
12.606
12.944
12.61
12.779
12.9567
13.1633
13.2302
12.836
12.7135
12.851
12.8979
12.9435
12.7959
13.0388
12.4042
12.808
12.6883
13.2974
12.6833
12.6492
13.2093
12.8902
13.0642
12.9422
12.8437
12.9417
12.6158
12.9886
12.8838
12.8844
12.8162
12.8602
12.8949
12.9123
12.5467
12.7463
12.9264
12.9428
12.8708
12.6716
13.2404
12.8506
13.1942
13.27
12.9368
13.0603
12.9408
12.7765
12.7588
12.6868
12.8855
12.7392
13.2098
12.7109
12.8942
12.7386
12.6068
13.3383
12.9133
12.9019
12.8754
12.6184
12.7067
12.9768
13.2068
12.9031
13.0981
13.0757
12.6764
13.4105
13.059
13.1435
13.2118
12.9887
13.0303
13.0738
12.843
12.6892
13.0106
12.6003
12.9266
12.599
13.0865
13.0695
13.1523
12.7419
12.5041
13.1388
13.1248
13.2137
12.9643
12.8108
12.859
12.8321
12.8053
12.844
12.6267
12.5983
12.9766
12.8911
13.1235
12.652
12.8504
12.931
12.724
12.8768
12.8832
12.6745
12.8354
13.1834
12.8842
12.5726
12.6759
13.0014
13.138
12.6729
12.9224
12.9701
12.568
12.7938
12.5962
12.9372
12.8022
13.0054
13.0802
13.2202
13.0692
12.7784
12.9862
12.9244
13.0019
12.6183
12.9806
12.5676
12.775
12.8459
12.7947
12.8097
13.0948
12.7804
13.0365
12.724
12.818
12.9773
13.3203
12.7415
12.6296
12.8215
12.5801
12.6365
12.8606
12.8553
12.6285
12.7331
12.801
12.9507
12.8924
13.04
12.9385
12.697
13.1645
13.4126
12.9437
12.5463
12.9178
12.9764
12.5886
13.0196
13.1131
12.4801
12.9794
12.9438
12.785
13.0564
12.7885
12.9217
13.2944
12.8818
12.8331
12.8428
12.1802
12.8486
13.4786
12.7454
12.9463
12.9253
12.8922
12.8068
12.8684
13.2494
13.1309
12.921
12.6634
12.787
13.2036
12.8775
12.9019
13.2261
13.1578
13.2459
13.2164
12.9583
12.8095
13.0615
13.2265
13.0685
13.1682
12.9535
13.3374
13.2101
12.98
12.9296
12.708
12.707
13.0771
13.13
13.0042
13.3704
13.0391
12.7058
12.7465
12.9549
12.9535
13.1303
13.0224
12.8802
13.1128
12.8468
12.8434
13.0221
13.0698
13.2006
13.1304
13.1916
12.843
12.8267
13.1149
13.1411
13.2136
13.1291
12.9079
13.1163
13.0038
13.0793
13.0347
12.987
13.0506
13.2523
12.6541
13.0056
12.9998
13.4193
13.4287
13.4356
13.0065
12.8787
12.9492
12.6864
13.0023
13.1874
13.0757
13.1307
13.1532
13.4123
12.6089
13.298
12.901
13.1933
13.1669
12.4801
13.0171
12.9265
13.0144
13.065
13.0421
12.7864
12.8166
13.0978
13.0141
12.6953
13.1491
12.9926
13.1117
13.6296
12.8069
12.7442
13.0917
13.6009
12.8272
13.046
13.0014
12.8382
12.9191
12.8973
12.8346
12.7536
12.7322
12.9912
12.9759
13.3653
12.7302
13.1263
12.9481
12.8588
13.0178
12.9549
13.137
12.8401
12.9578
12.9096
12.928
12.8376
12.809
12.4739
12.8227
13.3885
13.5863
12.655
12.9851
12.5599
13.1037
12.797
12.8755
12.9287
12.96
12.9602
12.6681
13.1131
12.9726
12.5242
13.0161
12.6243
12.8304
12.7224
13.2617
12.9444
12.9936
12.8433
12.9014
12.744
13.0178
13.1396
13.0156
13.0499
12.7315
12.7016
12.935
13.1836
13.2738
12.9997
13.104
13.0663
13.3164
13.0282
13.1447
12.9404
13.0483
12.8515
12.8758
12.7921
12.6558
13.1402
12.876
12.9921
13.0476
13.1095
13.093
12.6608
12.8103
12.7687
12.8058
13.0384
13.1391
12.8009
12.9867
12.7617
12.763
12.7759
13.1209
13.2377
12.8355
12.9887
12.9531
12.9353
12.9749
13.1607
12.872
13.2399
13.0144
13.0197
12.8025
12.6671
12.5055
12.8835
12.7801
12.9866
12.8584
12.4124
12.5423
12.6484
13.2893
12.7984
13.1994
13.2009
13.2194
12.7883
12.7705
13.1593
13.0572
13.11
12.8433
12.8099
12.952
13.2726
13.0548
12.9811
13.1691
13.0974
12.9661
12.5678
13.1831
13.362
12.9285
12.805
13.2187
12.8711
13.1775
12.5166
12.6647
13.1544
12.5415
13.1963
12.6703
13.1423
13.0968
12.9664
13.0137
12.9547
12.975
12.9119
13.2371
13.0988
12.9441
12.8901
12.8243
12.4457
12.6974
12.7349
12.7354
12.9667
12.8953
12.4795
13.1955
12.9214
12.7049
13.1605
12.6315
12.7757
12.9916
12.9571
12.781
12.6642
13.1026
13.1228
13.0521
12.953
12.8291
12.7782
12.7844
12.4929
12.7336
12.8114
13.2459
12.8948
13.0267
12.8255
12.8525
12.7139
12.7711
12.9287
12.7802
12.9722
12.9007
12.7049
13.0853
12.6869
12.8995
12.7276
12.7043
12.9846
12.9254
12.7334
13.0095
12.9548
12.6321
12.7692
12.6425
12.8968
12.6138
12.8337
12.8107
13.0033
13.1819
12.6722
12.852
12.4644
12.6191
12.6183
13.1515
12.8622
12.5804
12.9136
12.6254
13.0789
12.6442
12.8594
12.9944
12.9991
12.7295
13.3396
12.952
13.1896
12.4992
12.7857
12.4597
13.0779
12.9398
12.9621
12.8271
12.638
12.8137
12.9732
13.0496
12.5182
12.8737
13.0526
12.8232
12.7426
12.8006
13.1064
12.7294
13.0848
12.7783
13.0425
12.6487
13.2818
12.8903
12.8897
12.7152
12.8853
13.3031
12.8323
13.0674
12.5789
12.569
12.8161
12.8282
13.0265
13.1002
13.1027
13.2303
12.7918
12.9761
12.7364
12.8275
12.9688
12.546
12.6622
12.6177
12.6367
12.7775
12.7109
12.9335
12.8827
12.459
12.8129
12.899
12.8949
12.8429
12.948
12.5605
12.7589
12.8516
12.9106
13.2761
13.1699
12.9673
12.5825
13.1212
12.9128
12.7516
12.8559
12.6411
12.8879
12.8006
13.1664
12.9668
12.7877
12.8107
12.678
13.1058
13.1319
12.8172
12.6006
13.1975
12.9201
13.1018
12.7761
13.1286
12.7438
12.6874
12.8455
13.0478
13.0253
12.6653
12.9892
12.7351
12.6764
12.8099
13.1118
12.6919
12.9594
12.5506
12.9709
13.1646
12.7642
12.8948
12.7841
12.7493
12.6956
13.0527
13.0022
12.5678
13.0362
13.0974
12.8064
12.7255
12.8822
13.2251
13.1264
12.4001
12.9291
12.9571
12.9077
12.698
12.3356
12.6108
12.9056
13.2658
12.9475
12.7339
13.3417
13.1762
13.0243
12.648
12.7104
12.4898
13.0143
12.6958
12.8557
12.844
12.9881
12.6565
13.2002
12.9349
12.8333
12.6238
12.878
12.9488
13.0653
12.9309
12.6527
12.77
12.724
12.7311
12.8455
12.8331
12.8252
12.6343
13.0401
12.8315
12.9926
13.4015
12.9031
12.642
13.2182
12.9446
12.8043
12.6044
12.4039
13.3151
13.1663
12.9358
12.8721
12.9387
12.9989
12.8473
13.0112
12.8795
12.9224
12.8639
12.8126
12.9236
12.9428
12.6538
12.9453
13.202
12.5614
12.896
12.7313
13.1847
12.7814
13.0337
12.8162
12.8476
12.7212
12.9613
12.8768
12.8578
13.0678
12.9723
12.9125
13.1639
13.2952
12.7459
12.7959
13.1
12.6361
13.3886
12.8833
13.0803
12.6886
13.0255
12.8963
12.9183
12.8597
13.3066
12.4756
13.0566
12.7049
12.8077
12.4691
13.1945
13.0488
12.833
13.1862
12.8317
12.7914
12.871
12.7586
12.8886
12.6746
13.1131
12.762
12.7451
13.0134
12.9385
12.9073
12.7031
12.8742
12.7875
12.6605
12.92
12.8054
12.9388
12.8632
13.3083
12.8243
12.9434
12.8337
13.0866
13.0309
13.0322
12.5981
12.7465
13.3392
12.8426
12.9429
13.3409
12.8097
12.8101
13.1499
13.4053
12.6695
12.8332
13.4613
13.0263
12.9982
13.0509
12.5681
13.2154
12.9812
12.863
12.8398
12.7443
12.7099
12.7963
12.8893
13.0262
12.9674
12.9845
12.8141
13.2569
12.7874
13.0164
12.5577
13.2179
13.093
13.0195
13.0656
13.2299
13.3639
12.7925
13.0321
12.8647
13.0499
13.0664
13.0441
13.1433
13.1771
13.0169
12.8851
12.706
13.2966
12.5626
13.2865
13.2348
13.1829
13.0704
12.9525
12.6709
13.0221
12.656
13.1788
13.519
12.8877
13.2139
13.1189
13.0977
13.5048
12.7976
12.944
12.8382
12.779
13.0422
12.8725
12.742
12.9322
12.5285
13.0187
13.0569
12.7664
12.7015
12.5309
12.618
12.6584
12.8555
12.6015
12.6612
12.6556
13.1646
12.8762
12.883
13.0957
12.4452
12.7096
12.966
12.6089
13.0294
12.6245
12.8793
12.7355
12.8158
12.9492
12.9726
13.1945
12.9364
12.9272
12.7779
12.6849
12.9037
12.8779
12.6861
12.6732
12.6218
12.4276
12.7903
13.1586
13.3424
13.0305
13.4058
13.1467
12.9647
12.147
13.112
13.1549
13.0093
12.8369
13.3168
12.976
13.126
13.3572
12.7486
12.9469
13.1327
13.3258
12.9214
13.1277
13.012
13.3577
12.83
12.5425
12.9509
13.0393
12.887
13.2021
12.8922
12.7767
13.0897
12.9677
13.0833
13.2381
13.1662
12.4321
13.516
13.2729
13.0974
12.8446
12.8776
12.9992
12.9177
12.6911
12.8524
12.7564
13.0267
13.1076
12.7215
12.7779
12.6506
12.9265
13.0985
12.6979
12.8523
13.0237
13.025
12.9669
13.2289
13.0167
12.9539
12.9379
12.7866
12.5719
13.1534
12.9234
13.075
13.0165
12.8797
13.1689
13.074
12.8115
12.7472
12.7018
13.316
12.6837
13.1244
13.4154
13.1362
13.0162
12.6172
13.0547
13.0882
13.3005
13.2675
13.4053
13.2546
13.1381
12.6869
13.2515
12.7407
12.7278
12.7526
12.9318
12.9566
12.8854
12.9321
13.2573
12.8778
13.1318
13.0759
12.7409
13.0497
13.0951
13.0799
13.0068
12.7868
12.8363
13.2025
12.9117
12.9881
13.0661
12.9006
12.6198
13.0161
12.8282
12.6483
13.0139
12.6944
13.1205
13.0765
13.0275
12.651
13.2312
12.8372
13.3307
12.9497
12.9125
13.2582
12.9426
12.7985
13.2857
13.3467
13.0628
12.9197
12.9248
13.0278
13.1819
13.1341
12.8772
13.2671
12.9374
13.1591
13.0037
13.1763
13.0416
13.221
13.2441
13.0355
13.0374
13.1014
12.7757
12.8379
12.8268
13.0611
12.7128
12.9098
12.6399
13.1259
12.7236
13.2401
12.8222
13.1144
13.2241
13.1434
12.7614
13.0636
13.1157
12.9902
12.968
13.1171
12.8002
13.0584
13.1627
13.0218
13.1256
13.0497
13.1769
12.7644
13.1305
13.0407
13.0021
12.8735
12.9055
12.8963
12.6148
12.7734
12.8857
13.0281
12.7119
12.7286
13.2609
13.1214
13.315
13.3105
12.7262
13.3872
12.7847
12.6637
13.3595
13.0072
12.8999
13.1783
12.7104
12.8838
13.173
13.2168
12.811
12.9883
12.7305
13.1204
13.0099
13.3026
12.8174
12.8403
12.9515
12.9455
12.8327
12.9835
12.811
13.055
12.7223
13.0664
12.7204
12.7309
13.1396
13.2493
12.8502
12.9584
12.6845
13.127
13.2889
13.0629
12.7349
12.9029
12.6087
12.6232
12.7647
12.6777
12.9366
13.0991
12.9838
13.1866
12.79
13.2703
12.7499
12.6849
12.4794
12.9618
12.779
13.1163
12.5402
13.1333
12.3883
12.8275
13.0878
13.1484
12.9157
12.4549
13.029
12.4846
12.7769
12.6428
12.5834
12.6851
12.5953
12.9929
13.2293
12.7455
12.9596
13.0715
12.8871
12.6674
12.9244
12.7503
12.6228
12.8397
12.7912
12.9566
12.623
12.8782
13.236
12.8958
12.8762
12.9329
12.8432
13.154
12.2552
12.8782
12.8579
12.8139
12.4044
12.7822
12.8704
12.9809
12.7459
12.8276
12.8083
13.0186
12.522
12.9896
12.8699
12.5807
13.0344
12.8629
12.8605
12.8894
12.8724
12.9263
12.3895
12.8675
12.6988
12.9274
12.9196
12.8348
13.1906
12.6658
12.7007
12.6485
12.8214
12.905
12.5779
12.9629
12.965
13.2474
12.7252
12.8552
13.0501
12.7983
12.9094
13.0098
13.3357
12.8125
12.9593
12.9123
13.2304
13.1685
12.9489
12.6637
12.6309
12.8754
12.7818
12.7868
12.8421
12.8351
12.8009
12.812
12.8548
12.6233
12.6812
12.7905
12.7644
12.5941
12.6216
12.9667
13.1099
13.0194
12.7079
12.9535
12.9173
13.1254
12.5471
12.7449
12.8194
13.0614
12.7622
13.0861
12.8378
13.3253
12.6747
12.9442
12.8612
12.7922
13.0618
12.8553
13.1837
12.573
12.7507
12.6783
13.2499
12.822
13.1128
12.8109
12.9332
12.7445
12.8826
12.6346
13.108
12.7781
12.9853
12.9043
12.873
12.8279
12.7954
13.1638
12.9348
12.8234
12.5827
12.8315
13.181
12.9592
13.0209
13.1342
13.1593
12.8426
12.6527
13.1075
13.0778
12.9644
13.0283
13.0942
12.8504
12.702
12.7349
12.6107
12.978
13.0564
13.2811
13.0685
13.0085
12.7787
13.014
12.8134
13.2822
12.9787
12.9159
12.7625
12.693
12.8456
12.5755
12.9734
12.5724
12.8293
13.2215
12.7902
12.7674
12.8007
12.6235
12.7328
12.527
12.8838
12.8533
12.7395
12.9777
12.8838
12.8539
12.7766
13.0448
13.1731
12.8062
12.7323
12.5937
12.5014
12.442
12.821
12.723
12.4583
12.9731
13.1078
12.7716
12.8646
13.1544
12.8943
12.8347
12.7724
13.2973
13.4116
13.1321
13.0079
12.993
12.8483
13.0945
13.3047
13.2714
12.9832
13.1846
13.0861
13.1033
13.3458
12.8301
12.6283
12.927
13.0275
12.7709
12.8082
12.7714
12.823
12.9897
12.3576
12.7382
13.0405
12.6363
12.7308
12.866
13.0595
12.7213
12.8404
12.4574
12.7166
12.973
12.8972
12.9406
12.6452
12.9213
12.9283
13.1151
13.1679
12.7927
13.0916
12.9864
12.5216
12.6828
13.1287
12.9004
12.9128
12.8647
12.7589
12.9396
13.0284
12.786
12.81
13.0798
12.8963
12.7391
13.0533
13.2088
12.7403
12.6333
12.8993
12.8219
12.9335
12.8415
13.1176
12.4272
12.8241
13.0669
12.7259
12.6649
12.8595
12.8663
13.0001
12.7766
12.7641
12.8361
12.5416
12.7452
12.7599
12.5077
12.7532
12.8956
12.8461
13.3168
12.7356
12.6099
12.8204
12.9477
12.9312
13.0182
13.1476
12.9729
13.2002
12.8717
12.9725
12.5829
13.1706
12.773
12.5416
12.8578
12.8832
12.9876
13.1371
12.7247
13.2566
12.8905
12.6788
12.9385
12.9142
13.0348
12.8464
13.2778
13.0642
12.9908
13.3286
13.2169
13.0447
12.6135
13.0092
12.9802
13.1398
13.2633
12.8209
12.6792
12.6031
12.8603
12.4736
13.1006
12.8405
13.0002
12.7184
12.5079
12.8174
12.8261
13.1772
13.1238
12.419
12.9164
12.787
12.6916
13.149
12.8513
12.8387
12.6578
13.0543
13.2322
12.5417
12.9938
12.6896
12.9607
12.9106
12.7539
12.4825
13.4439
12.745
12.7868
13.0651
13.1291
13.2271
12.8804
12.4037
12.8518
13.1704
12.6857
12.8938
13.1724
12.6187
13.0217
13.1924
13.0316
12.4712
12.7873
12.783
12.8349
12.7514
12.6171
12.8346
13.0267
12.9086
12.8187
13.212
12.8536
12.7889
12.7639
13.037
12.8745
12.6522
12.9368
13.0081
12.6739
12.7721
12.4902
12.684
13.1208
12.7718
12.9315
12.654
13.0344
13.1399
12.9877
12.7984
12.7462
12.9171
12.3323
13.1823
12.49
12.9069
13.106
12.5353
12.7684
13.0837
12.9129
12.9077
12.8673
12.9907
12.8025
12.7868
12.6705
13.2394
12.7976
12.7767
12.7548
12.7584
12.8355
13.0113
13.2856
12.9697
12.697
13.1286
12.7161
12.625
12.9081
13.18
13.2075
13.0062
12.9254
13.126
12.9407
13.1823
13.0603
12.8576
12.6956
12.712
12.8114
13.1039
12.8251
12.7879
12.7904
12.8359
12.8023
12.5715
13.0306
13.0318
12.7339
13.1162
12.5216
12.7904
13.0077
13.0339
13.1466
12.8318
13.1881
12.9095
12.6104
12.8549
12.647
12.6863
12.9498
13.1771
12.6876
12.8128
13.1625
12.8289
13.2912
12.3315
12.7621
13.0452
12.7798
13.2893
12.9301
12.9929
13.1079
12.9784
13.0743
13.1994
12.9763
12.9726
12.6511
13.3767
13.2341
13.0553
13.2874
12.8015
12.7057
12.5736
13.234
12.7133
13.0243
12.7109
13.2035
12.8798
12.8697
12.5645
12.791
13.2526
12.5333
13.1642
12.9659
12.8803
12.9897
12.5467
