28.9279
28.8511
28.7709
28.6785
28.5924
29.1601
28.7007
28.7626
28.8477
29.0177
29.1934
28.9154
29.0942
28.9634
28.881
28.7881
29.1642
28.7997
28.7859
29.0857
28.8515
28.9819
29.0259
28.8322
28.5019
28.9256
29.2871
28.9613
28.8599
28.8712
29.1915
28.9525
28.6798
28.8616
29.349
29.0788
29.0175
29.1885
28.9641
28.7285
28.7729
28.7981
29.0095
29.1723
28.6655
28.7973
28.9632
29.0999
29.0607
29.1804
29.1625
29.193
28.7689
28.7546
28.861
28.9298
28.8488
28.7375
28.8521
29.0547
29.0688
28.7169
28.8267
29.273
28.9222
28.7732
28.9718
28.6234
28.5133
28.5391
29.0247
28.9321
28.9828
29.0483
28.567
29.0424
28.7721
28.6423
28.8068
28.8064
28.7179
29.4247
28.5595
29.2711
28.9616
29.1198
29.1635
28.9878
29.2044
28.7776
29.0473
28.9086
28.8315
28.8825
28.8067
29.3297
28.9062
29.0053
28.9716
28.4913
29.07
29.0312
29.0595
29.2079
28.7478
29.1346
28.97
29.193
29.1967
28.9573
28.9783
29.2335
29.1141
29.1058
28.991
29.4672
29.1343
28.9558
29.0539
29.3286
29.4673
29.2438
29.1733
29.1893
29.0904
29.0988
28.7328
29.715
28.8457
29.3693
29.2091
28.5503
29.3868
29.0519
29.1327
29.1574
29.2779
29.3317
29.0048
29.0512
29.0698
29.4649
28.8735
29.1487
29.4149
29.1914
29.1711
28.9574
29.1428
29.0235
28.6185
29.0272
29.2333
29.3548
29.0438
29.0055
29.0191
28.7503
28.7774
28.9825
28.5788
29.1545
29.0457
28.8635
29.0742
29.415
29.38
29.2535
29.3121
28.8596
28.5739
28.9581
29.0928
29.0861
29.4307
28.8069
28.799
29.1424
29.1837
29.2977
28.9273
28.9541
29.0829
29.0079
29.108
29.2019
28.9721
28.9624
29.2676
29.035
29.1574
29.0855
28.8142
29.4148
29.1184
29.1949
29.2749
28.7937
28.5995
28.5527
28.6894
28.9593
28.8558
28.692
28.8176
28.9988
28.8023
28.9761
28.9022
28.7839
28.9074
29.2949
28.6927
28.9356
28.8432
28.8202
29.0467
28.96
28.7696
28.5152
29.3012
28.9878
29.2725
28.6868
28.8164
28.7912
28.9675
29.0594
29.0068
28.7295
28.6812
28.7419
28.7726
28.6425
28.6036
28.335
28.6606
28.6526
29.105
29.0823
28.7466
28.8928
28.777
28.6522
28.9128
28.4016
29.0022
29.0816
29.0443
28.8028
28.9138
29.146
28.7274
28.7928
28.9676
28.9029
28.778
28.994
28.9093
28.6266
28.6797
29.2203
28.8628
28.2568
28.8118
29.1207
29.0436
28.6079
29.0001
28.8634
29.0103
29.1293
28.688
28.7422
28.7988
28.8182
29.0123
28.8967
28.7405
28.6335
29.6119
28.4349
29.0338
28.576
28.9858
29.3088
28.7843
29.041
28.5854
28.959
28.9931
28.6709
28.605
28.9466
28.2829
28.5228
28.7442
28.7162
28.5825
28.8204
28.7876
28.8173
28.4891
28.6393
28.562
28.7632
28.665
28.4443
28.679
28.9703
28.7901
28.4789
28.8804
28.4174
28.9628
28.646
29.0648
28.6361
28.5706
28.7305
28.5214
28.9422
29.0805
28.6164
28.7316
29.1179
28.2145
28.9063
28.6869
28.6142
28.7654
28.3261
28.7596
28.5503
29.2867
28.9583
28.7022
28.51
28.7854
28.9947
28.9611
28.7525
29.0418
28.9631
28.8272
28.7113
29.0083
29.2116
28.6058
28.992
28.7468
28.7826
29.0795
28.8162
28.903
28.63
28.4708
28.6105
29.0055
28.8413
28.8732
28.7811
29.0768
28.4541
28.7244
28.9147
28.3465
29.1955
28.8759
28.7231
28.7706
28.8243
28.6704
29.1064
28.6427
28.9538
29.0713
28.9792
28.6504
28.641
28.8662
29.0666
28.6502
28.6358
28.5802
28.2
28.5974
28.6808
28.9087
28.8458
28.8364
28.3316
28.5818
28.6259
28.9519
29.0372
29.0376
28.9873
28.6217
28.7524
28.6179
28.5207
28.8032
28.6122
28.5578
28.4727
28.4692
28.6227
28.8509
28.8784
28.7538
28.6294
28.9462
28.4694
28.7732
28.3709
28.3913
29.0107
28.7333
28.9196
28.7057
28.922
28.6568
29.087
28.6244
28.6839
27.9877
28.3928
28.5807
28.8546
28.903
28.6388
28.9503
28.9971
28.5087
28.8171
28.7154
29.0012
28.5252
28.8837
28.7423
29.1081
28.9187
28.7137
28.5986
28.6848
28.6795
28.5071
28.4609
29.3983
28.6418
28.8451
28.5667
28.8961
28.218
28.3933
29.046
28.8036
28.566
28.5122
28.7431
28.8116
29.0805
28.9191
28.931
28.5431
28.7164
28.6228
29.2082
28.5527
28.786
28.9715
28.5755
28.7842
28.6878
28.9645
28.6728
28.3515
28.9184
28.6582
28.3487
29.0534
28.7824
28.8907
28.6881
28.6902
28.738
28.9613
28.3003
28.8567
28.8379
28.9838
28.9065
29.024
28.575
28.4956
28.6368
28.7788
28.6457
28.8597
28.773
28.8936
28.799
29.0997
28.7076
28.9189
28.8265
28.6496
28.8027
28.92
28.6753
28.6168
28.8855
28.4277
29.1196
28.8948
28.7343
28.9375
28.7808
29.128
28.6613
28.7001
28.5386
28.9784
29.0545
28.6263
28.8134
28.8578
28.6641
28.7036
28.6093
28.9207
28.7727
28.8289
28.7801
28.2991
29.2767
28.7346
28.6579
28.8573
28.8003
29.1427
28.709
29.1399
28.7898
28.9688
28.749
28.3547
28.5367
28.5417
28.7154
28.5067
28.0768
28.8568
28.9264
29.0166
28.4019
28.925
28.3254
28.709
28.8519
29.0065
28.5791
28.9399
28.92
28.52
28.6786
28.9615
28.9339
28.6531
28.6524
28.7383
28.5795
28.987
28.8294
28.7347
28.7703
28.7351
28.8191
28.7465
28.4969
28.7312
29.2947
28.539
29.0122
29.35
29.2513
28.8481
28.8838
29.5
28.888
28.6309
28.7773
29.1404
29.1662
28.6996
28.7588
28.599
28.7251
28.881
28.7018
28.5169
28.5266
29.1355
29.3869
28.8739
28.6272
29.0308
28.7155
28.6374
29.1096
28.7251
28.6805
28.8605
28.7634
28.8246
29.0535
28.8532
28.7074
29.0683
28.8198
28.7474
28.7866
28.7297
28.5327
28.6132
28.821
28.9244
28.6732
28.7659
28.9011
28.6023
28.9507
28.9578
28.9537
29.051
28.9892
28.9154
29.0513
28.8295
28.606
28.8201
28.7056
28.828
28.617
28.7508
29.0461
28.4574
28.7206
28.8808
28.6827
28.4265
28.8302
29.0036
29.084
28.7133
28.788
29.3101
29.2751
29.1284
28.8305
28.3652
28.7615
29.0927
29.1199
29.0085
28.5423
28.7229
29.3611
28.6433
29.0311
29.1593
28.2735
29.0443
28.7306
28.7758
28.8095
28.8374
28.8476
28.8637
28.6344
29.0178
28.8512
28.4337
28.5833
28.9656
28.6404
28.8402
28.8193
28.7896
28.8484
29.0252
28.7643
28.5486
28.7382
29.0918
29.1709
28.8145
28.9621
29.0372
28.8572
28.7325
28.3722
28.6607
28.7329
28.2554
28.8577
29.2291
28.8716
28.7054
28.4861
29.1339
28.9335
28.927
28.6475
28.9096
28.598
28.7119
28.7479
28.8225
28.7242
28.8251
28.4262
28.8583
28.7856
28.5777
28.5635
28.5883
28.9473
28.5109
28.8586
28.9376
28.7331
28.9684
28.8399
28.7469
28.8385
28.4395
28.7346
28.9117
28.6939
29.0028
28.7121
28.3481
28.6105
28.8311
28.8565
28.6178
28.8238
29.197
29.1276
28.7458
28.9365
28.6956
28.74
29.0094
28.5616
28.9362
28.8888
28.4313
29.2505
28.7617
28.5098
28.6232
28.9295
28.9603
29.3253
28.9755
28.7067
29.055
28.9857
28.9492
28.8065
28.653
28.8788
28.8578
28.8351
28.9513
28.7339
28.9019
28.7166
28.8443
29.0151
28.6352
28.5741
28.7397
29.0182
29.0935
29.0686
29.0825
28.7906
28.8334
29.0763
28.787
28.7152
28.8535
28.8524
28.574
28.3813
29.0265
28.8914
28.692
28.8131
28.7448
29.0601
28.9949
28.4339
28.9459
28.9135
28.5455
28.4771
28.7336
28.9983
28.9519
28.9149
29.2138
28.8604
29.3271
28.7197
28.9319
28.35
29.1283
28.7628
28.7114
28.6647
28.5709
28.36
29.3635
28.8364
28.8965
28.8243
28.9759
28.7472
28.6932
28.6275
28.8746
28.788
28.8654
29.1213
28.9077
28.5986
28.6696
28.3179
29.0262
28.9655
28.7722
28.7709
28.6278
29.1029
28.9263
29.189
28.6677
28.7645
28.7676
28.673
28.5275
28.8493
28.7794
28.7432
28.7755
28.9417
28.5714
28.8154
28.4762
28.8415
28.5789
28.9682
28.6964
28.8692
28.8013
28.4378
29.2651
28.6359
28.7913
28.7082
28.8357
29.1643
29.0074
28.434
28.7344
29.0288
28.6469
29.19
28.5604
29.1139
28.5843
28.294
28.9404
28.7065
28.9381
28.8596
29.0062
28.7133
29.0232
28.8038
28.6433
28.8094
28.8655
28.7475
28.5025
28.5512
28.7381
29.1559
28.8991
28.7305
28.5409
28.1897
28.8863
28.6514
29.1818
28.8301
28.7318
29.0567
28.8949
28.6508
28.4226
28.6244
28.6282
28.5716
28.8045
29.0355
28.8062
28.2761
28.7984
28.583
28.3564
28.8914
28.8869
28.8024
28.7795
29.0465
29.0262
28.7482
29.0657
28.4024
28.7554
28.734
28.5022
28.7396
28.6329
28.8417
28.8291
28.453
29.0486
28.952
29.1444
29.1557
28.8208
28.9861
28.5683
28.8809
29.1013
29.1309
29.195
29.3147
29.0714
28.8974
28.8146
29.0403
28.5236
29.0012
28.963
28.9715
28.7997
28.8876
29.1352
28.9434
28.4901
28.8709
28.9968
29.0714
28.8316
29.1569
28.4452
29.0646
28.2851
29.033
29.1418
29.16
29.3252
28.8826
28.98
28.7883
29.3351
29.0926
29.1105
29.0421
29.3107
28.8408
28.4967
28.8447
29.1381
29.1101
28.7837
28.7809
29.1526
28.8102
28.9273
29.1442
28.7622
29.2031
29.4211
29.1609
28.7774
28.7265
28.929
28.7747
28.8743
29.1606
29.0222
28.6915
29.1428
28.5557
28.481
28.6189
28.7401
28.6382
29.2642
28.8661
29.0164
29.033
28.6099
28.9907
29.0243
28.5307
29.0595
28.8586
28.6644
29.15
28.8354
28.8381
28.8616
28.8433
28.8743
28.942
28.968
29.1046
29.2925
29.2033
29.0524
28.752
29.259
29.0246
29.1287
29.1161
28.9103
29.1537
28.8704
29.0543
29.3176
29.1729
29.2883
29.0671
29.3769
29.3625
28.7681
28.9109
28.9049
29.2546
28.7929
28.9537
29.0939
28.66
28.8113
28.8107
28.6406
29.2324
29.247
29.1726
29.1384
29.1951
29.2078
29.4535
29.1386
28.9561
28.8946
28.7658
28.2684
29.071
29.051
29.1434
28.9687
29.2672
29.0486
28.9363
29.1175
28.7545
29.1238
28.9047
29.5022
29.1644
28.851
29.3537
29.1161
28.9459
28.8188
29.4132
29.0716
29.1947
29.2467
28.6359
28.8339
29.1082
29.0678
29.3771
29.2237
28.7818
29.4433
29.1374
28.7164
28.8879
28.9998
29.3539
29.1981
29.3902
29.3489
28.8999
28.9949
29.3838
29.3151
29.2184
29.0443
29.1431
29.2646
28.8247
28.754
29.1683
28.9981
29.2523
29.0399
29.4059
29.0807
28.5738
29.159
28.6616
28.8915
28.5647
29.0946
29.175
28.8417
29.1049
29.0594
28.7295
28.6484
29.3384
28.8697
28.6404
28.5745
28.4952
28.4789
28.7959
28.7886
28.9832
29.2789
29.0582
29.0205
28.8381
28.9893
29.4961
28.8937
29.1384
28.6721
28.8491
28.7828
28.9069
28.6372
29.4652
29.2494
28.4024
28.9722
28.528
28.8168
28.401
28.5708
28.6839
28.8152
28.8833
29.0521
28.785
28.5338
29.1261
28.7371
28.3035
28.9929
28.9513
29.1731
29.08
28.8442
28.8473
29.2718
29.1647
29.1805
28.94
28.7175
29.0232
29.1066
28.7975
28.7864
28.8012
29.294
29.1018
28.7428
29.1308
29.0507
28.5451
29.1899
28.6382
28.4555
29.08
28.8745
29.1022
28.9569
29.1856
29.2283
29.3718
28.7526
29.1336
29.2484
28.8667
29.3149
28.5662
28.9124
29.0924
28.8375
28.7359
28.8713
29.3284
28.8683
28.9466
29.2302
29.1149
28.9724
28.8784
29.0326
28.9534
29.027
28.4912
29.1729
28.8515
29.4035
29.1116
29.1932
28.7118
29.0655
28.8389
28.871
29.0194
29.1603
28.8007
29.0016
28.775
29.0477
28.8996
29.0621
28.6942
29.0772
28.388
29.1505
28.5782
29.0951
28.9273
28.7019
28.6685
29.2394
29.0639
28.8849
29.0667
28.6385
28.4233
28.9446
28.9864
29.0518
29.1664
28.5818
28.9083
28.8971
29.1685
29.1658
28.7584
29.0075
28.9266
29.0868
29.1669
28.8455
28.6717
28.8155
29.014
28.8493
29.3065
28.9286
28.9564
29.0823
28.641
28.8797
29.0655
28.9311
28.823
28.4659
28.7617
28.9239
28.6247
29.1605
29.0951
28.9303
28.8482
28.8513
28.9811
28.9372
29.4436
28.8775
28.8733
29.1519
28.9784
28.9018
29.1623
29.4799
29.6125
29.1907
29.0307
29.0007
28.9315
28.9836
28.6884
29.1519
29.4728
28.8492
28.8398
28.5943
29.3022
29.1088
28.9891
28.9696
28.7578
28.9202
28.8197
29.0536
28.7522
29.2027
28.4523
29.0159
29.3705
29.0582
29.1664
28.8324
29.2241
29.2392
28.7728
29.1928
29.128
28.8283
29.055
29.2057
28.6724
28.7385
29.2154
28.955
28.6931
28.906
28.9286
28.5022
29.0197
29.2427
28.8456
28.7037
28.9919
29.0848
28.9657
28.9305
29.2261
29.1403
28.9202
28.8929
28.7133
29.0524
29.1638
28.8806
29.5803
29.023
29.0447
28.9546
28.4712
29.0905
28.9002
28.5381
28.7096
28.675
28.9723
28.8002
28.6265
28.6991
28.8338
28.887
28.5846
28.6328
28.6402
28.9282
28.8079
28.3404
29.2773
29.1072
28.947
28.677
28.8764
29.0088
28.5103
28.833
28.6616
28.9683
29.1117
28.7913
28.6875
28.6031
29.059
28.9959
28.8439
28.7765
28.927
28.4373
28.5972
28.806
28.7173
29.3652
29.2732
28.4841
29.0233
28.7367
28.4496
28.8494
29.2288
28.6526
28.7082
28.7632
28.888
29.0868
28.375
29.3085
29.0504
28.5551
28.756
28.4326
28.7147
28.9185
28.5439
28.5847
28.6824
28.509
29.1196
28.7057
28.8354
28.9294
28.758
28.8765
29.122
28.9131
28.5518
28.8574
28.8024
29.0103
29.3781
28.8541
29.007
28.8395
28.8257
28.9496
28.9875
28.7108
28.659
28.6395
28.8212
28.9905
29.2263
28.8112
28.0663
29.0667
28.891
28.9846
28.4968
28.8302
28.8763
28.4672
28.6667
28.9436
29.195
28.9428
28.448
29.0202
28.9569
28.608
28.5098
28.8047
28.8816
28.9644
28.8708
28.7473
28.8723
28.6147
28.9536
28.8939
28.4431
28.9721
28.7903
28.9987
28.7253
28.841
28.8541
29.0369
28.6296
28.8913
28.5161
29.0039
28.6548
29.03
28.5545
28.8468
29.0591
28.6162
28.6809
28.3051
28.7698
28.7428
28.4255
28.751
28.6756
28.4161
28.7837
28.9513
28.9039
28.8948
28.7697
28.9406
28.8746
28.4741
28.7676
29.0223
29.0662
28.6276
28.7469
28.6627
28.6849
28.5247
28.8143
29.1007
28.5099
28.813
28.8753
28.8621
29.1512
29.0195
29.5016
29.6533
28.8206
28.9598
28.7359
28.6061
28.7648
29.0367
28.9684
29.1141
29.197
29.05
28.9204
28.864
29.1132
29.2842
29.1869
28.9465
28.959
28.8888
29.1066
29.2222
28.8527
29.0562
28.8075
29.5134
28.7679
28.8716
29.0939
28.92
29.2788
28.8953
29.1129
29.0171
29.0158
29.1275
29.1013
29.0243
29.1351
29.1483
28.6961
29.0027
29.0776
28.9918
28.4244
28.9172
29.1366
28.8425
28.7562
28.8129
29.0508
29.1242
28.8357
28.7234
28.9936
29.2147
28.747
28.9375
28.8362
28.8593
28.7275
28.8028
28.9934
29.2262
29.2684
29.0172
29.2647
29.0047
28.8619
28.9271
28.8727
29.1394
28.9893
28.9829
28.6751
29.2103
28.3695
28.7715
29.0433
29.0906
29.4472
28.6603
28.8781
28.9633
29.0002
28.948
28.806
28.7568
28.7935
29.2609
29.0983
28.6901
28.8175
29.1118
28.5948
28.3991
28.9953
29.0472
29.0668
29.0425
28.6235
28.3697
28.9195
28.4899
28.9146
28.7248
29.1312
28.8248
28.955
28.8103
28.9326
28.8248
28.678
28.7961
29.3948
28.7118
28.869
28.6632
29.2769
28.97
28.5667
28.7988
28.9735
28.8495
28.9059
28.8256
28.9387
28.6379
28.8516
28.7574
28.7095
28.6918
28.6558
28.8421
28.8314
28.2322
29.1601
29.097
28.6715
29.0302
28.8594
28.8257
28.8828
28.6053
29.2608
29.3002
29.3714
28.8948
29.03
29.2251
28.9512
29.1801
28.8595
29.315
28.8001
28.9287
28.9696
28.8154
28.901
28.9391
28.9101
28.9191
28.8018
28.5692
28.6608
29.0377
28.7961
28.6145
29.1277
28.8247
28.8464
29.0459
28.5581
28.7838
29.2895
28.832
29.0227
28.6179
28.8829
28.8536
29.2022
29.0384
29.0963
28.749
28.6835
29.1348
29.0403
28.7247
28.9796
28.8074
28.7079
29.002
29.2403
28.7601
29.0715
28.7903
28.8095
28.8379
28.7552
29.2262
28.9854
28.7069
28.9079
28.5199
29.0838
28.9233
29.1833
28.5996
28.9121
28.6851
28.7279
29.0693
28.8912
29.356
29.1253
28.6562
29.3093
29.172
28.5863
29.085
28.5935
28.7113
28.7962
29.1193
29.2231
29.3329
28.9538
29.1445
28.9327
28.9662
29.2383
29.3195
29.2553
28.859
28.9528
28.7287
28.858
28.9904
28.8847
29.2044
28.7623
29.0368
28.8645
28.7387
28.7654
28.4286
28.4247
29.1526
28.8655
28.8048
28.4895
28.8041
29.1144
29.222
29.0301
29.1199
29.1724
28.6615
28.7663
28.553
28.7186
28.6788
28.694
28.737
29.1697
28.7934
28.9839
29.201
29.0617
28.9253
28.9254
28.6882
28.8939
28.9194
28.3735
28.8314
28.793
28.5836
29.0576
29.0807
29.0601
28.9254
28.761
29.0463
28.7111
28.993
28.5215
28.605
28.5812
28.9806
28.6999
28.9365
29.2657
28.9404
28.7027
28.6938
28.8486
28.7245
28.9308
28.539
28.7482
28.8619
29.2287
28.8147
29.2246
28.7627
28.4973
29.0498
28.8298
28.9724
29.0517
28.9809
28.9597
28.7051
28.9907
28.4376
28.833
29.2375
29.1695
28.7828
29.1454
29.2669
29.1557
28.8622
29.1006
29.1538
29.0595
28.3877
28.8666
28.9678
28.8312
29.2357
29.1867
28.6591
28.8147
28.9465
28.9289
28.7352
28.4291
29.0748
28.387
28.9005
28.8143
28.8817
28.7604
28.7248
29.0908
29.1656
29.2215
28.9063
28.7542
28.9929
28.8445
28.9846
29.163
28.8101
29.0408
29.0359
28.7599
28.8582
28.9039
28.7406
28.834
28.8939
28.4754
28.8617
28.834
29.1393
28.6523
28.9514
28.8442
28.6776
28.8611
29.2151
28.8694
28.3603
29.158
28.7643
28.6528
29.0211
28.7752
29.1192
29.1299
28.514
28.8204
28.7688
29.2735
29.0313
29.1845
28.706
28.5174
28.776
29.1524
28.8789
28.8152
29.0286
28.772
28.9753
28.8179
28.698
29.1937
28.7701
29.277
29.0641
28.8382
28.8054
28.9003
28.9808
29.2801
29.3639
28.5705
28.8952
28.9233
28.9722
28.8881
28.8783
28.9991
28.8307
28.4672
28.9853
28.839
28.9425
28.97
28.9477
28.8733
28.7624
28.7795
29.0166
29.0005
29.3465
28.9139
28.8921
28.8624
28.983
29.0499
28.8413
28.7376
28.8505
29.0163
28.6405
28.7893
28.536
28.6339
28.9051
28.998
29.0674
28.5398
28.8019
28.5486
28.5973
29.0195
28.5869
28.6873
28.524
28.5489
28.5257
28.847
28.9486
29.0937
28.8982
28.9665
28.9967
28.897
29.4338
29.4429
28.9275
29.1249
28.6366
28.7039
29.1242
28.7301
28.3714
28.6392
28.9357
28.5005
29.0952
28.8678
28.8665
28.7209
29.1247
28.9215
28.9801
28.3866
29.0051
28.634
28.8341
29.1236
29.0086
29.2902
28.9433
28.9276
28.8815
28.7585
28.6526
28.4895
28.7809
29.0725
29.0389
28.2736
29.0214
28.612
29.1093
28.9929
28.6201
29.0582
28.6223
28.6085
28.7886
29.0213
28.6077
28.7765
28.2428
28.9029
28.513
28.5762
28.4623
29.0518
28.539
28.5381
28.467
28.8286
28.7155
29.0952
28.9626
28.7207
28.5085
28.6514
28.7161
28.8857
28.9263
28.5591
28.6498
28.6158
28.7857
28.7955
28.933
29.1652
28.9848
28.9495
28.6072
28.8238
28.4643
28.9658
28.9058
28.708
28.8741
28.7669
28.5414
28.706
28.514
28.747
28.8618
29.0285
29.2869
29.1716
28.9754
29.1502
28.5747
28.7977
28.689
29.0508
29.3565
29.2399
29.0977
28.5004
28.7778
28.9741
28.7625
29.013
28.8631
29.2314
29.2426
28.8638
28.9215
29.3464
28.9137
28.8476
28.9779
28.8492
28.9542
28.3562
29.0336
29.0266
28.5878
28.7877
29.3021
28.846
28.7678
28.9549
28.5765
28.5918
29.4004
28.7461
28.9646
28.8992
29.1027
28.534
29.2938
29.0436
29.0279
28.8027
29.4841
28.7246
28.8994
28.7557
28.8194
29.0884
29.1906
28.5283
29.3214
29.263
28.9271
29.2046
29.2482
28.8754
28.9015
28.888
28.9004
28.7104
29.0962
29.3441
29.0117
28.4377
29.3193
28.6703
28.651
28.8435
28.8661
28.893
28.6107
28.8174
28.4998
29.0747
29.131
28.6981
28.8622
28.5793
29.0789
28.7443
28.6617
28.4476
28.599
28.4578
28.4323
28.6783
28.9972
28.7994
28.2758
28.7946
28.8074
28.5084
28.563
29.1054
28.4468
29.0337
28.7226
28.7337
28.6243
29.1477
28.848
28.4775
28.8167
28.7652
29.0453
28.7614
28.9624
28.5467
28.9246
28.6906
28.4167
28.8397
28.8542
28.6247
28.8287
28.6842
28.7564
28.9893
28.8957
29.0541
28.3792
28.5554
28.8794
28.72
29.0151
28.7598
28.9286
28.9392
28.7675
28.5692
28.8213
28.4585
28.6695
28.6931
28.6023
28.1971
28.6523
28.7923
29.1222
28.8164
28.8222
28.8594
28.4672
28.8433
28.8987
29.146
28.8355
29.0293
28.4148
28.6559
29.5538
28.5627
29.1823
28.8052
29.1601
28.9741
28.6937
28.9724
28.8492
29.4601
29.2152
28.8736
28.888
29.285
28.6244
28.8862
29.1824
29.4977
28.8567
28.8905
28.7352
28.8607
29.1289
28.9916
28.9347
28.9713
28.8157
29.0129
28.6795
28.9867
29.0209
28.9342
28.9523
29.0795
28.6929
28.6609
28.652
28.9187
28.7778
29.1002
28.6751
28.5326
29.1944
28.9092
28.5617
28.958
28.8842
28.8552
29.3033
29.0486
29.1087
29.1264
29.023
28.9931
29.1446
29.1874
29.1336
28.9084
28.9683
29.4013
29.1476
29.0515
28.8153
28.9392
29.105
28.5246
28.6734
29.2499
28.8903
28.6336
29.1753
29.0647
29.46
29.1552
29.0998
28.6748
28.8205
28.5591
28.7605
28.9818
28.8837
28.8112
28.8485
28.8607
28.8882
29.3476
29.0244
29.104
29.2801
28.8628
29.0631
28.8473
29.3523
28.7101
29.0188
29.35
29.0431
28.9134
29.1762
28.577
28.7134
28.9962
28.4591
28.9559
28.792
28.9414
28.5554
28.3906
28.9419
28.817
28.1763
29.43
28.9106
28.7881
29.0943
28.9853
28.5277
28.5959
28.9853
28.881
29.1313
28.9727
28.7611
29.0947
28.9003
29.0417
28.6713
28.6681
28.6264
28.8712
28.8768
29.0669
29.0383
29.0637
28.8676
28.8924
29.162
28.957
28.6103
28.8614
28.9658
28.9268
29.2357
29.0579
28.6684
28.8867
28.7976
28.8251
28.8769
28.5802
29.0258
28.8209
28.7646
28.467
28.6258
28.5621
28.5796
28.6803
28.9871
28.8228
28.9728
29.032
28.8051
28.9877
29.0811
29.1988
29.0676
28.7744
29.1267
28.6897
28.7096
28.8562
28.7585
28.9353
28.9752
28.8869
29.0119
28.6504
29.116
28.6182
28.4648
28.7858
28.91
28.351
28.8156
28.6628
28.659
29.106
29.051
29.0106
28.6796
28.6722
28.741
28.8283
28.8383
28.645
29.0697
29.3123
28.8511
29.1993
28.9358
28.9846
29.0491
28.7517
28.7992
28.7149
28.6529
29.1296
28.8064
28.6715
29.0089
29.0312
28.9728
28.8571
28.5785
28.593
29.0469
28.6655
28.4701
28.6217
28.4363
28.8819
29.2342
28.4828
28.8537
28.3367
28.6007
28.4668
28.7029
28.7685
28.9245
28.972
28.6676
28.7077
28.5815
28.901
29.134
28.5612
28.9552
29.0035
28.6268
28.4821
28.8798
28.5411
28.5496
29.0885
28.8496
28.92
28.9106
28.9035
28.9668
28.4849
29.1129
28.8418
28.6237
28.4994
28.5506
28.7782
28.6506
28.5467
28.7885
28.872
28.9861
28.7463
28.8644
29.5204
29.199
28.8636
29.0409
28.9757
28.7789
28.7427
28.6341
28.742
28.9267
28.9276
28.6371
28.9768
29.0193
28.8111
28.5147
28.9061
29.1389
28.728
28.5625
28.8625
28.7299
28.7658
28.1914
28.8537
28.6473
29.103
28.7146
28.9248
28.9372
28.9408
28.8951
28.7301
29.0875
28.6561
28.9544
28.72
28.5129
29.2151
29.1143
28.9447
28.8329
28.9301
28.7955
28.6396
28.9093
28.8019
28.9957
28.809
28.8593
28.6484
28.6007
28.8242
28.6036
28.8115
28.5365
29.2162
28.539
28.6592
29.2648
28.6506
29.0094
28.4378
28.9664
28.8536
28.7649
28.9019
29.2084
28.8741
28.893
29.0307
28.7857
28.783
28.6245
28.4204
29.3567
28.9613
28.4978
29.2787
28.9503
28.5582
29.0217
29.1121
29.1875
28.9468
29.1471
28.8478
28.9271
29.1337
29.1931
28.8731
28.9307
28.7165
29.4121
29.1939
28.7036
29.0553
29.1785
28.9165
29.0925
28.6957
28.916
28.9965
28.828
28.9227
29.2125
29.2056
29.1918
28.8802
29.1956
29.0308
29.0103
29.1972
28.8369
29.6752
28.7239
28.8792
28.5258
29.013
28.865
28.7269
28.4991
29.1559
28.5949
29.0081
28.7413
29.2388
28.5685
28.8045
28.2025
28.6337
28.8707
28.7252
29.1449
28.6878
29.227
29.4876
28.6039
28.9469
29.4107
28.7469
29.2091
28.8414
29.1034
28.8291
28.8697
29.5706
28.6677
28.3777
28.9382
29.3871
29.0009
29.4001
29.0618
29.1166
28.8717
29.0001
29.2865
28.5924
29.0931
29.1113
29.0621
28.8813
28.6723
28.6037
28.8981
29.2613
29.2106
28.9247
28.9821
29.0191
29.0328
28.9028
28.8138
29.1337
28.9312
28.9111
28.9624
28.7793
29.0531
29.0518
29.1299
28.4044
28.8916
28.8463
29.173
28.6037
28.9432
28.8653
28.7799
28.4067
28.9229
29.1733
28.8826
29.1835
28.8331
28.4011
29.1194
29.1368
29.177
28.8338
29.1019
28.9494
28.497
28.9389
28.7649
29.035
28.677
29.0121
29.1241
29.2171
29.069
28.9839
29.0712
28.788
28.8692
28.9382
29.0902
29.1943
28.6099
28.6828
29.0347
28.881
28.9446
28.5082
28.5371
28.7162
28.8613
28.8113
28.9272
28.6893
28.8334
28.838
28.7405
28.9597
29.2933
28.6447
28.9531
28.6107
28.7962
28.9901
28.696
28.6092
29.0805
28.732
28.9831
28.5941
29.0817
28.6026
28.9257
29.0369
28.9748
28.9093
29.0023
28.9712
29.0215
28.7039
29.0025
29.1252
28.579
28.8131
28.7262
28.5058
28.7594
28.6508
28.7837
28.9451
28.94
28.7283
28.9283
28.928
28.8309
28.647
29.0817
28.6106
28.7932
28.7381
29.0249
28.8714
28.8792
28.7343
28.9605
28.9504
29.3085
29.2643
28.7873
29.3483
28.8997
28.7634
28.7109
28.5944
28.6451
29.2975
29.0175
29.1098
29.1368
28.5646
29.2656
28.907
28.8165
29.1821
28.9273
29.1391
28.7223
28.7611
29.373
28.9315
28.6016
28.6999
29.2317
28.7825
29.099
28.7114
28.7629
28.3993
29.0769
28.8078
29.5052
28.8764
28.7796
28.8224
28.5985
28.9903
28.5211
28.6268
29.0022
28.446
28.8666
29.0176
29.2063
29.1206
28.5546
29.0697
29.0177
29.0921
28.7313
29.0182
28.787
28.8468
28.8896
28.8583
29.3267
28.909
28.7895
29.1882
28.6967
28.9581
28.8487
29.1317
29.3338
29.094
28.6255
28.7753
28.6076
29.2595
28.5672
28.7961
29.1827
29.1157
29.0088
29.1029
28.7521
29.2961
29.1263
28.6002
28.8028
28.8563
29.0429
29.0774
29.183
29.099
28.8689
29.1979
28.9062
29.2573
29.3012
28.9247
28.8504
28.669
29.0336
29.1568
29.2184
28.9872
28.9669
29.0178
28.9301
29.0299
29.0553
29.2115
29.208
28.7699
28.7039
29.1948
29.316
29.3478
29.2068
29.0026
29.4311
29.3149
29.2857
28.9463
29.1177
29.1974
29.2388
28.7213
29.3952
29.1856
29.0766
28.9966
29.0323
28.8516
29.4381
29.0276
28.6241
28.3536
28.9889
28.8197
28.9083
28.6985
28.8271
28.4378
29.1068
28.9966
28.6977
28.8655
28.7026
28.9142
28.7547
28.8628
28.8124
29.2371
28.9763
29.1931
28.9156
29.055
28.6121
28.9121
28.6274
28.8359
29.0625
28.7833
28.9836
28.7269
29.174
28.7173
28.6327
29.056
28.8416
28.2777
29.127
28.8257
28.9515
28.8347
28.465
28.8956
28.7624
28.8836
29.2175
28.9609
28.8586
28.6865
28.4862
28.6252
28.9724
28.7932
28.7506
29.2189
28.7712
28.6602
28.8233
28.917
28.7947
28.932
29.1809
28.8339
29.0208
28.7504
28.3399
28.8896
28.6424
29.0719
29.1087
28.8747
28.9357
28.8775
28.9354
28.9992
28.8738
28.5815
28.6635
28.7885
28.9702
28.8665
28.4959
29.0116
29.1267
28.9167
29.1151
28.69
28.9141
28.6999
28.9153
28.5025
28.9111
29.2151
28.6243
28.5539
28.6741
28.9246
28.6654
28.6856
28.9594
28.8413
28.7633
29.2645
28.8043
28.5359
28.7707
28.7487
29.0738
29.2136
28.6669
28.7286
29.1871
28.7355
28.8553
28.7421
28.892
29.0377
28.7746
29.1439
28.9138
29.0353
29.3703
28.654
29.0399
29.214
29.1343
28.8796
28.7647
28.8813
29.1082
29.4116
28.744
28.8133
28.8132
29.0909
28.8185
28.9585
29.1359
28.979
28.7162
29.1825
28.9522
28.9999
29.0137
28.7917
28.7074
29.1151
28.6395
29.1674
28.6614
28.8246
28.856
29.1182
28.3711
29.1954
28.5632
28.8885
28.9744
28.942
28.7514
29.1975
28.885
28.9905
29.1578
29.0671
28.2496
28.9049
28.8362
28.9151
28.9187
29.0287
28.8402
28.8492
28.9278
29.2341
29.4518
28.7717
28.9881
29.0245
29.268
28.5306
28.7849
29.0171
28.784
28.9439
29.2947
28.806
28.5975
28.8919
28.675
28.9672
28.9012
28.4789
28.8536
28.7421
29.0021
28.792
29.0666
28.4692
28.5881
28.7701
28.5866
28.3987
29.0684
28.6178
28.7484
29.2129
28.808
28.4843
28.7394
28.9477
28.5167
28.9774
28.5264
28.617
28.3836
28.518
29.1067
28.5789
28.6279
28.8726
28.7217
28.4782
28.9485
28.776
28.9911
28.6338
28.859
28.691
29.1717
28.8835
28.9054
29.029
28.89
28.9426
28.8679
28.7803
28.8043
28.5314
29.1708
28.6942
28.8503
29.2051
28.8193
28.7852
29.1293
28.5754
28.4332
29.1944
29.0158
28.7878
28.9103
28.8888
29.1787
28.7115
29.0087
28.8211
28.9633
28.5494
29.1632
28.6818
28.6202
29.2277
28.9671
29.1391
28.7464
28.9494
29.1895
28.5392
28.752
28.7413
29.0059
28.8096
28.9443
28.802
28.5387
28.8967
28.54
28.561
28.7179
29.2509
28.5965
28.8287
28.4077
28.4893
28.6562
28.7476
28.7145
29.0961
28.5468
29.0206
28.8793
28.6546
28.6079
28.9752
29.1885
29.2973
29.0575
28.9282
28.8122
28.5107
28.8496
28.6362
28.4371
28.9163
28.5049
28.6759
28.9468
28.7442
28.8006
28.175
28.4528
28.7291
28.7433
28.9782
28.6085
28.6917
28.9546
28.3689
28.4993
28.9347
28.5718
28.6588
28.6855
28.5463
28.6858
28.1624
28.8911
28.3182
28.5315
28.747
28.6344
28.2952
28.4826
28.5473
28.315
28.2767
28.801
28.6933
28.7042
28.5108
28.4177
28.6942
28.6364
28.3084
28.7737
28.6584
28.6876
28.7765
28.9291
28.5921
28.7409
28.7781
28.6622
28.8314
28.0916
28.8571
28.8954
28.4168
29.151
28.6029
28.4789
28.4951
29.1582
28.8159
28.7881
28.8351
28.6637
28.6913
28.4766
28.3634
28.8102
28.8401
28.3567
28.3297
28.7514
28.4984
28.6636
28.6874
28.9468
28.7851
28.5197
28.7983
28.7862
29.0777
28.7357
28.5045
28.6574
28.5824
28.9161
28.7105
28.9485
28.3142
28.7663
29.0465
29.0664
28.5418
28.9023
28.6038
28.2142
28.7156
28.9302
28.9688
28.9887
29.05
28.7533
28.9634
28.8125
28.594
28.6643
28.4183
28.9221
28.6796
28.8771
28.5992
28.8004
29.0398
28.6332
28.5392
29.0754
29.25
28.8751
29.0061
29.1408
29.1512
28.8139
28.9268
28.7877
28.7938
28.6992
29.0032
28.3112
28.9797
28.8475
28.7295
28.5818
28.9409
28.7905
28.8431
28.8492
28.7942
28.8066
28.9144
29.0239
28.7306
28.5427
28.8006
28.9366
29.0196
28.4505
28.968
28.7492
28.8275
28.8603
28.3648
28.4491
28.9366
28.9723
28.7565
28.8212
28.8442
29.0948
28.5045
28.9015
29.0014
29.0557
28.7302
28.7612
28.8184
29.0635
28.9298
29.0282
29.1661
29.1
28.6755
28.9153
28.8936
28.9874
28.7889
29.3293
29.519
29.2556
28.819
29.0714
29.1251
28.9624
28.7837
29.0651
28.9109
29.399
29.0006
28.9661
29.1296
28.9553
28.8054
29.4995
28.6286
29.108
29.1353
29.1981
28.8551
29.1305
29.224
29.2322
28.7849
28.9892
29.0449
29.2709
29.0589
28.8443
28.8276
29.0474
29.3834
29.2642
29.2161
29.0573
28.7873
29.3045
28.9699
28.9824
29.035
28.6276
28.8162
28.9195
29.2096
29.2461
29.001
29.0453
29.3044
29.255
29.22
28.7605
28.9749
28.8252
29.1279
29.1807
29.0867
28.9806
28.9974
28.7966
28.9974
29.2089
28.9964
28.658
28.722
29.2774
28.983
29.4001
28.6621
28.9701
28.8005
28.9442
28.7635
29.0536
28.5457
28.5517
28.9756
28.8599
28.7199
29.0545
28.7193
29.0459
29.0556
28.874
28.6708
28.7564
28.7193
29.1113
28.808
28.6664
29.0997
29.2138
28.4316
28.8959
28.644
28.7591
29.2828
28.8835
28.952
28.8177
28.6879
29.0443
28.9922
28.7459
29.0966
28.5953
28.6912
28.9757
28.8151
29.0858
28.883
28.9794
29.1135
28.7737
28.6683
28.8301
28.2588
28.5569
28.7016
28.6872
28.9592
28.75
28.8876
28.6445
28.8032
29.027
29.1207
28.7924
28.9477
28.9124
28.8645
28.6542
28.604
28.5551
28.5631
29.0373
28.8993
28.9558
28.9561
28.79
28.8195
29.0239
29.2567
28.6303
29.1646
28.6207
29.1167
28.9091
28.9559
28.7376
28.7987
28.8279
29.078
28.8281
28.9157
28.5319
29.2622
29.0476
28.8698
29.0071
28.8848
28.7607
29.2333
28.9638
28.7352
28.6862
28.9271
29.1837
28.6836
28.9705
28.7904
28.5841
28.8217
28.6595
28.792
28.7288
29.0427
28.7091
29.0044
28.8246
28.7057
28.6207
28.8047
28.4935
28.9668
28.8056
28.7242
28.3893
28.7945
28.6082
29.2188
28.7655
28.8836
28.8103
29.0182
29.1688
28.5913
29.0266
29.0329
29.1338
29.0468
28.738
29.2764
29.1319
28.8735
28.8549
28.8496
29.0562
28.9772
29.2596
28.9665
29.1197
29.0872
28.5349
28.7531
28.9427
28.7321
28.8049
29.3082
28.884
28.8675
29.2451
28.9795
28.772
28.6332
29
28.7827
28.9973
28.7987
29.0494
28.8656
29.2897
28.726
28.8664
28.7869
28.7536
29.2282
28.3441
28.946
28.8105
28.3029
28.8129
28.8934
29.2443
28.7876
28.9935
28.7666
28.6799
28.6899
28.8173
28.7972
29.059
29.294
28.8583
28.5964
28.9834
28.9931
29.1488
29.1554
28.6464
28.7432
28.3901
28.774
28.9205
28.6325
28.9788
29.1594
28.9903
29.0945
29.1664
28.7676
28.8646
28.5424
29.2804
28.7364
29.0053
28.5736
29.2626
28.753
29.0821
28.8011
29.1093
29.0827
28.432
28.5699
29.0029
28.8346
29.0388
28.9527
28.7714
28.5014
29.0991
29.3487
29.2835
29.2306
28.8794
28.9167
28.458
28.6463
28.9824
28.9911
28.8787
28.874
28.884
29.1756
29.0437
28.9964
28.8857
29.0019
28.7723
29.0934
28.5968
29.0223
28.7388
28.6623
29.1022
28.7042
28.9602
28.9271
28.945
28.9549
28.6043
28.9255
28.7254
28.9375
28.536
28.7482
28.9553
29.3428
28.7721
28.683
28.7274
28.9453
28.9079
29.0215
28.7946
28.8436
28.8354
28.7541
28.8369
29.1171
28.8901
29.3336
28.8222
28.9547
29.2771
28.6576
28.7336
28.7197
28.6314
29.0522
28.672
29.028
28.9648
29.2073
28.6805
29.192
28.8356
28.8889
29.201
29.0677
28.5619
28.9883
29.1225
28.9545
29.1759
28.9967
28.6342
28.6877
28.6439
28.749
28.8714
29.2225
28.4826
28.7077
28.674
28.609
28.5996
28.5955
29.268
28.9575
28.6539
29.4089
28.818
28.9218
28.7278
28.7244
28.8749
28.8937
29.1087
29.0688
29.2414
29.0129
29.0752
28.8813
29.1314
28.5711
28.8246
28.8777
28.94
28.9591
29.0159
28.6872
29.1057
28.7979
28.586
28.9016
29.0047
28.8851
28.8007
28.6467
28.9425
29.1773
29.0405
28.5391
29.2557
28.5656
28.869
29.1263
29.0617
29.0881
29.0308
28.924
28.8967
28.7485
28.7491
28.9228
28.733
28.7812
28.9343
29.2215
28.7113
29.3099
28.3942
28.3504
28.9371
29.1018
29.3996
29.1843
28.9016
28.9928
29.1761
28.9886
29.0943
28.86
28.7632
29.3167
28.3587
29.1025
28.4724
28.8465
29.0854
28.885
28.6466
28.9945
28.5322
28.8783
28.621
28.7149
29.1175
28.67
28.6186
28.7083
28.8978
28.573
29.4491
28.6428
28.8767
28.6293
28.8763
28.6841
28.6263
28.7875
28.6479
28.5013
28.7205
28.7522
28.8146
29.2161
28.7918
28.3833
29.1142
29.0239
28.6408
29.0974
28.9679
28.9218
28.7098
28.2208
28.6907
28.6728
29.0899
28.9866
28.9756
29.0344
28.5314
28.8559
29.2257
28.6997
28.8476
29.1375
29.2641
28.8335
29.3635
28.9346
28.8179
29.1483
28.4728
28.7717
28.6001
29.1154
29.1491
28.9117
28.8897
29.0176
28.9073
28.5193
28.9858
28.9365
28.3633
28.7289
29.0159
28.9378
28.786
28.1436
28.7912
28.7907
28.903
28.7972
28.8734
28.7034
28.8616
29.0507
29.0408
28.9145
28.866
28.9373
28.714
29.0982
29.0001
28.8632
28.8666
29.288
28.6683
28.6126
28.9404
28.6685
28.8219
28.9229
28.8759
28.9075
28.7639
28.9576
28.359
29.048
28.5252
28.7718
28.6078
29.0048
28.5936
28.4934
28.3123
28.9347
28.2662
28.9628
29.0473
28.7
28.6289
28.5469
28.3113
28.7795
28.6955
29.239
28.7845
28.864
28.9373
29.2058
28.8773
28.6648
29.0717
28.6821
28.6358
28.8453
28.8803
28.9301
28.8571
28.7292
28.957
28.185
28.8602
29.1589
29.0161
28.9803
29.0813
28.7854
28.8887
28.8409
29.0412
28.3189
28.756
29.2122
28.5395
28.6762
28.9988
28.8318
28.9291
28.4765
29.0025
28.821
28.6454
28.8496
28.7704
28.838
29.1718
28.6524
29.3247
28.6042
28.8541
28.7699
28.8443
28.3059
29.0158
28.9269
28.9889
28.639
29.0708
28.8484
29.2294
28.9939
28.7557
28.708
28.4686
28.8221
29.1376
28.9565
28.7112
28.8656
28.9757
29.0739
29.0993
28.8795
29.0173
29.0837
28.8066
28.6208
28.954
29.3206
28.6352
28.8855
29.2054
28.9851
28.766
29.1309
29.0485
28.4588
29.0332
29.3658
28.7575
29.2773
29.2597
29.4332
29.2889
28.9687
28.9722
28.863
29.3401
29.062
28.7975
29.4556
28.9224
28.8946
29.4934
28.8175
28.9539
28.9821
29.2885
28.8898
28.9861
28.8939
28.9397
29.2992
29.2345
28.9622
28.7141
28.9797
28.9206
29.0871
28.9836
29.0159
28.6417
29.0287
29.2242
28.6221
28.4906
28.9071
28.734
29.2841
28.8291
29.1529
29.0629
29.1691
29.0323
29.19
28.8094
28.846
28.8037
29.2173
28.9244
28.7986
28.9803
28.6128
28.6679
29.0852
28.7572
28.532
28.7063
28.8438
28.7845
28.8753
28.4655
28.9789
28.7783
28.83
28.9672
28.605
28.8138
28.8816
28.775
28.7205
28.4998
28.6939
28.3682
28.5847
28.9767
28.7273
28.491
29.0385
28.479
29.0413
28.9139
29.0401
28.9538
29.1053
28.5177
28.9565
28.7563
28.7087
28.9318
28.6075
29.0475
28.7737
28.9368
28.796
28.8391
29.1946
28.7106
28.4739
29.0459
28.7683
29.2622
28.6331
28.8134
28.8947
29.0043
28.6303
29.0301
28.557
29.0492
28.9813
28.9588
28.9201
28.7307
28.9084
28.7063
28.3249
29.0243
28.6694
29.0768
28.9787
28.9498
29.4497
29.0547
28.8986
29.1592
29.0048
29.016
28.7704
29.0053
28.8838
29.1195
28.8768
28.6568
29.1685
28.7922
28.7414
29.0792
28.9967
28.8807
28.4842
28.948
28.5997
29.0789
29.1954
28.93
29.0844
28.9511
28.4664
29.1961
29.0399
28.9925
28.8925
28.7091
28.3384
28.5129
29.2409
29.1154
28.9014
28.9486
28.8455
29.0902
28.7631
28.8462
28.7775
28.5849
28.8956
28.8107
29.0737
28.9875
28.9559
28.8941
28.9665
28.7312
29.0308
28.5223
28.9976
28.5843
28.7332
28.9437
28.666
28.9116
28.625
29.3345
28.588
28.5522
29.1492
28.7274
28.9876
28.9621
29.106
28.9229
28.8692
28.9988
29.2384
29.1912
29.0591
29.0904
28.7115
28.9887
28.9264
28.6496
29.1747
28.9618
28.7844
29.2898
28.8063
28.8742
28.9951
28.4508
28.6994
28.7933
28.4871
28.6909
28.7504
28.6066
29.2018
28.8262
28.2138
28.7669
28.4438
28.4511
28.5359
28.8272
28.6248
28.8955
28.882
28.9926
28.879
28.8585
28.8836
29.0926
28.6489
28.8178
28.797
28.7408
28.7465
28.6383
28.7595
28.5445
28.6132
29.0088
28.8765
28.7016
28.9171
28.4788
28.7254
28.9707
28.7968
29.149
29.4373
29.0037
28.503
28.9999
29.1545
28.8751
28.5978
29.2468
28.792
29.4414
29.4564
28.8401
28.3302
29.2537
29.3241
29.0208
29.2589
29.2177
29.0639
29.3001
28.8612
29.1204
29.1318
29.1548
28.7699
28.9823
29.2315
29.2152
29.2244
28.9054
28.9458
28.7328
29.0189
28.0804
28.5878
28.7098
28.4163
28.2611
28.7753
28.5431
28.8134
28.6992
28.5449
28.7123
28.6223
28.2562
28.5664
29.1098
29.011
28.7581
28.5697
28.8517
28.6811
28.6967
28.8597
28.6481
28.7197
28.6704
28.553
28.7709
28.8617
28.6612
29.0113
28.724
28.4662
28.5066
28.8994
28.9832
28.5578
28.2981
29.0422
28.8725
28.6386
28.4815
28.8412
28.8322
28.6387
28.856
29.0734
28.6478
28.4315
28.8865
28.8442
29.3072
28.9654
28.9984
29.3499
29.0163
29.0046
28.8952
28.5885
28.5828
28.4093
29.2602
28.5951
28.8143
28.6618
28.4259
28.8126
28.6567
29.1048
28.7005
29.0105
28.4491
28.4619
28.7301
29.2618
28.8828
28.9141
29.1859
28.7014
28.5091
28.9664
29.2021
28.6423
29.1269
29.2315
28.6053
29.1274
28.6554
29.3796
29.099
28.8914
29.2888
28.6564
28.8692
29.1324
29.1781
28.9713
28.5755
28.9013
28.9744
28.7338
28.9807
29.2157
28.5122
28.7062
29.2244
28.8606
28.6712
28.9236
28.7791
28.3236
28.9466
28.9467
29.1298
28.9245
28.9251
29.1118
29.2378
28.9952
28.8914
28.9871
28.8857
28.9283
28.6576
29.3457
28.7094
29.0256
28.8323
29.2326
28.7363
28.68
28.4868
28.7209
28.3594
28.2763
28.7774
28.7727
28.8044
29.1499
28.1149
28.4178
28.8862
28.7828
28.8847
28.463
28.8824
28.8132
28.9384
28.6071
28.9457
28.6519
29.1064
28.6176
28.5349
28.4839
28.5245
28.8927
29.196
28.6265
28.6978
28.9555
28.8298
28.8603
29.0163
28.8599
28.6031
29.0482
29.1026
28.519
28.5335
28.634
29.0657
28.5054
28.5268
29.2069
28.9686
29.168
28.8292
28.781
28.7229
28.5791
28.8643
28.72
28.9246
28.8466
28.8882
28.8497
28.7059
28.5922
29.0086
29.237
28.8427
28.9371
28.7513
28.7876
28.4828
28.8501
28.4872
28.9299
28.9408
28.8842
28.7177
29.026
29.2563
28.8853
28.7583
28.8777
28.8346
28.7859
28.583
28.797
29.2464
28.6782
29.1477
28.9407
28.4659
28.6115
28.7697
28.5313
28.7353
28.8231
28.7992
28.821
28.8988
28.4534
28.912
28.9303
28.8387
28.8314
28.7984
28.748
28.6219
28.8499
28.9856
28.8021
28.6489
28.5795
28.7059
29.5985
28.9231
28.9624
29.1752
28.8826
28.8116
29.0841
28.6141
29.0405
28.3848
28.3381
28.326
27.9355
28.3999
28.5773
28.7438
28.3554
28.582
28.3097
28.8138
28.8671
28.5738
28.6426
28.7068
28.3828
28.0846
28.133
28.8623
28.65
28.48
28.463
28.3155
28.5202
28.6736
28.638
28.9182
28.9593
28.8295
28.7191
29.0877
29.1451
28.7725
29.0834
29.0214
29.1543
28.8882
29.1102
28.6435
29.1696
29.0846
28.7558
29.1313
29.1268
28.6535
29.3974
28.8162
28.5276
29.0144
28.4334
28.9598
29.1951
28.5141
29.5135
29.0668
29.0206
28.9607
28.9411
29.2392
28.9126
28.7836
28.8016
29.1236
28.8993
28.9033
28.6924
29.1954
29.0397
28.2843
29.5155
28.815
28.8488
29.1483
28.5153
28.2792
28.3638
28.9334
28.6811
28.6406
28.7625
28.744
28.9476
29.2381
29.2771
28.6569
28.6262
28.7335
29.2384
28.3991
29.14
28.7024
28.2279
29.2348
28.9156
28.664
28.3971
28.761
29.048
28.9022
29.0907
28.7106
29.2888
29.0518
29.3701
28.9507
28.6751
29.3774
29.1887
28.9188
29.1003
29.1348
28.9716
28.739
28.9996
29.0939
28.9279
28.4325
28.9908
28.4175
28.7193
28.9462
28.916
28.7491
28.8058
28.6062
29.0404
28.5987
28.8365
28.7863
28.6326
28.719
28.2543
28.8368
28.9919
29.1601
29.0826
28.9863
28.4044
28.7882
28.588
28.5209
28.5854
28.3795
28.8055
28.6124
28.7699
28.746
29.0124
28.2343
28.674
28.69
28.3829
28.3805
28.494
28.4251
28.7847
28.7046
28.3072
28.6234
28.9528
29.2227
29.0985
28.7959
29.0722
28.72
28.9636
29.1123
28.8951
28.7257
28.6341
28.8181
29.178
28.5633
28.721
28.708
28.9597
28.5372
29.1314
29.2152
29.1846
28.7311
29.1491
28.7315
28.9609
29.3366
28.9534
28.4422
28.9389
29.3384
29.2758
28.6301
28.8083
28.9333
28.2137
28.6825
28.7199
28.8805
29.0196
28.8726
29.1722
28.8857
28.905
28.6992
29.0786
28.9539
28.732
28.7968
28.9828
28.5252
29.0078
28.9261
28.9451
28.7977
29.0634
28.7457
28.8012
28.821
28.8716
28.6804
28.8939
28.9656
29.1246
29.6254
28.8423
28.7354
28.7906
28.7252
28.7596
29.0769
29.0114
29.2019
28.8751
28.6129
28.5961
28.8094
28.6312
29.1372
29.1875
29.1268
28.488
29.0578
28.5425
29.2163
28.7376
29.2026
28.8734
29.1095
28.8452
28.4413
28.9479
28.5992
29.0258
29.0684
29.299
28.974
29.1413
29.1386
29.1065
29.2741
28.8534
28.9035
29.0118
29.2912
28.8599
29.1295
28.745
28.6204
28.9243
29.178
28.7737
29.0558
29.5586
28.7446
28.9623
29.0728
28.752
29.1994
28.9603
28.6797
29.1378
28.7682
28.3177
28.9661
29.2013
28.9141
28.9405
29.1107
29.4461
28.9625
28.771
29.0704
29.0135
28.736
28.6609
29.033
28.7715
28.4697
28.7816
29.1605
28.6872
28.8009
28.6613
28.6082
29.2044
29.018
28.5167
29.3587
28.9408
28.8844
29.0809
28.9407
28.8179
28.9458
28.6061
28.8029
28.6694
28.7207
28.9004
29.0252
28.7822
29.1035
29.0742
28.9876
28.4085
28.7547
28.8033
28.7405
28.7482
28.7643
29.0221
29.3752
28.8581
29.1815
29.0787
28.6799
28.709
28.947
28.8575
28.9819
29.0286
28.9532
28.6718
29.3712
28.8798
28.8361
29.2926
28.5047
29.2177
28.8938
