18.5279
18.187
18.1373
18.6114
18.1928
18.408
18.364
18.0236
18.2562
18.1727
17.8737
18.4456
18.4051
17.8445
18.2441
18.141
18.2238
18.0162
17.8976
18.2168
18.1445
18.1346
18.2538
17.8511
18.0477
18.1373
17.8913
17.8551
18.1923
17.8774
18.0833
18.022
18.2541
18.6837
18.145
18.1537
18.0081
17.9377
17.9839
18.137
17.9151
18.2267
18.1732
18.2071
18.4174
18.0904
17.7715
18.1788
18.2364
17.7681
18.0575
18.3931
18.5959
18.326
17.7596
18.046
18.0914
18.2285
18.0576
17.8856
17.9594
18.4461
17.9927
18.1141
18.5346
18.4305
18.2015
18.2952
18.4949
18.2291
18.3263
17.9256
17.8526
18.1749
17.9017
17.9645
18.1336
18.0124
17.6567
18.4269
18.0865
18.1718
18.3368
17.7654
17.8763
17.9151
17.9528
17.92
18.2592
18.1713
17.9012
18.2483
17.9938
18.0562
18.3798
18.6007
17.8166
18.1804
18.1826
18.2703
18.6858
18.4734
18.4043
18.612
18.0394
18.2048
18.6847
18.2273
18.7142
18.2242
18.0687
18.479
18.3829
18.1977
18.7595
18.6039
17.7027
18.3069
18.4244
18.2882
18.6088
18.4239
18.2188
18.2401
18.4594
18.0201
18.3418
18.5152
18.5487
17.8547
18.3911
18.936
18.2964
18.5371
18.2297
18.1874
18.3502
18.317
18.0813
18.32
17.9249
18.1027
18.5839
18.441
18.1778
18.1939
18.3734
18.5601
18.2481
18.529
18.567
18.617
18.1252
18.9045
18.2566
18.291
18.1185
18.1957
18.4946
18.9409
18.303
18.1727
18.1827
18.1499
18.0263
18.6984
18.4809
18.3381
18.4102
18.0314
18.0845
18.169
18.2824
18.5081
18.644
18.6035
18.0159
18.3531
18.3578
18.2466
18.0536
18.2995
18.1704
18.6471
18.1741
18.3107
18.6968
18.7915
18.1482
17.9921
18.439
18.441
18.5733
18.2766
18.7972
18.0211
18.3672
17.7102
18.4014
17.7677
18.1047
18.6346
18.1393
18.2673
18.2857
17.818
18.2446
18.2785
18.1218
18.1826
17.5066
18.1642
18.105
18.1859
18.186
18.4275
18.157
18.4304
18.2988
17.9949
18.132
18.0732
17.9881
17.8491
18.3667
18.4649
17.7624
18.2829
18.5424
18.3067
18.1627
18.0247
18.1482
18.0463
18.2063
18.5707
18.4106
18.2727
18.4088
17.6893
18.1631
18.2884
18.4904
18.0246
18.6581
18.2018
18.3455
18.6747
18.4695
18.1425
18.3672
18.0172
18.3738
18.0719
17.9374
18.5407
18.0194
17.9601
18.1974
18.2957
18.3123
18.0593
18.4663
18.1589
17.8797
18.0962
17.809
18.3482
18.4755
18.1959
18.3146
18.4535
18.1142
18.5918
18.3442
18.1571
18.5441
17.9689
18.2834
18.3923
18.3743
17.9606
18.589
18.2397
18.0729
18.2222
18.3654
17.9779
18.222
18.7339
18.1748
18.299
18.243
18.6768
18.5503
18.0753
17.9589
18.355
18.521
18.4478
17.9656
17.8348
18.1532
18.3582
18.3578
18.3824
18.022
18.0765
18.7004
18.1388
18.2645
18.1409
18.4131
17.9989
18.2613
18.3147
18.3529
17.8735
17.9514
18.2879
17.8624
18.055
17.8137
18.2481
18.4884
18.0688
18.4116
18.1994
18.1072
18.2749
18.3307
18.4237
18.1355
18.1508
18.5003
18.0882
18.5519
18.1422
17.7522
18.2335
18.299
18.1554
18.5285
18.2935
18.7552
18.0894
18.5381
18.6335
18.1733
18.3723
18.2516
18.4271
18.2345
18.1815
18.3618
18.284
18.228
17.9197
18.5018
17.9299
18.3127
18.6906
18.4217
18.2328
18.6022
18.6294
18.5297
18.2814
18.174
18.3074
18.2433
18.1702
18.3053
18.1942
18.0506
18.2873
18.3446
18.0259
18.3794
18.3636
18.3886
18.1973
18.3127
18.2118
18.1268
18.2176
18.0917
18.0535
18.1022
18.3577
18.5403
18.3548
18.7229
18.4213
18.5925
18.0873
17.9922
18.2233
18.1047
18.0907
18.083
18.2669
18.3892
18.4378
18.3278
18.1885
18.4544
18.4786
18.6931
18.121
18.366
18.1427
17.9914
18.2219
18.5242
18.5944
18.0611
18.2443
18.24
18.3627
18.0907
18.2816
18.3969
18.604
18.3984
18.1974
18.5898
18.2875
18.3899
18.3723
18.5764
17.9468
18.0583
18.5483
18.1941
18.2374
18.842
18.3685
18.5283
18.3532
18.4632
18.3698
18.4102
18.509
18.6291
18.5973
18.158
18.7813
18.1768
18.3207
18.1862
18.2684
18.5774
18.2678
18.5003
18.0375
18.6291
18.3554
18.5559
18.2036
18.6299
18.7136
18.8197
17.9085
18.2659
18.2014
18.287
17.8709
18.5354
18.1589
18.0894
18.8292
18.2186
18.8601
18.4247
18.0817
18.4647
18.2852
18.0682
18.0836
18.5331
18.5687
18.5309
18.2264
18.1716
18.4053
18.0929
18.0722
17.819
18.1184
17.9529
18.5797
18.2044
18.2264
18.3387
18.1226
18.208
18.5177
17.833
18.2123
17.7418
18.2101
18.0533
18.2417
17.9879
18.2511
18.2019
18.0782
17.8971
18.1123
18.2448
17.9158
18.4133
18.126
18.0097
18.0823
18.3338
18.0567
17.9327
18.0874
18.2214
18.1911
18.3657
18.3504
18.1568
18.5505
17.9108
18.203
18.2855
18.0705
18.0022
18.1464
18.3522
18.3758
18.164
18.3763
18.1353
18.3567
18.0504
18.0992
18.3862
18.1742
18.0711
18.2517
18.2134
18.3095
18.1334
18.3669
18.1431
18.066
18.5913
18.5415
18.1496
18.1568
17.9055
18.2901
18.3427
18.1532
17.7705
17.8974
17.9099
18.3297
17.9086
18.1602
18.1614
17.9489
18.1852
17.9859
18.0497
17.9119
17.6016
18.1428
18.3327
18.3953
18.1305
18.3727
18.0791
18.2502
18.2958
18.7514
18.5477
18.346
18.197
18.3594
18.1887
18.3238
18.3205
18.2654
18.0961
18.4492
18.4897
17.7449
18.4008
18.3855
18.3342
18.4715
18.2142
18.526
18.3403
18.3651
18.3887
18.3353
18.2829
18.3599
18.5068
18.5643
18.5674
18.4978
18.5588
18.3108
18.0332
18.0951
18.448
18.3052
18.6643
18.4568
18.734
18.4069
18.2874
18.3428
17.9108
18.9484
18.5702
18.4989
18.3074
18.23
18.7175
18.3719
18.3748
18.3388
18.3458
18.0485
18.3398
18.4709
18.4563
18.1581
18.6637
18.2085
18.2059
18.2228
18.6731
18.4071
18.2202
18.5394
18.1403
18.1904
18.4872
18.2006
18.6788
18.5425
17.8927
18.359
18.4507
18.4692
18.5327
18.2543
18.6335
18.253
18.5045
17.8177
18.2998
18.4904
18.358
18.4283
18.2127
18.2017
18.2895
18.397
18.164
18.3927
17.9106
17.9283
18.3647
18.2152
18.2155
18.3198
18.6719
18.1178
18.3599
18.1889
18.7687
18.4332
18.7906
18.3936
18.2053
18.1861
18.124
17.9418
18.4242
18.4093
18.4386
18.1137
18.7834
17.9675
17.9588
18.3937
18.1018
18.645
18.3417
18.4728
18.4121
18.6084
18.1871
18.3639
18.1635
18.1189
18.3067
18.2839
18.3989
18.3554
18.0762
18.3443
17.8205
18.5284
18.7737
18.4288
18.4836
18.4811
18.383
18.3689
18.2053
18.4808
18.2087
18.0674
18.4668
18.1892
18.6598
18.6685
18.9733
18.1209
18.1366
18.3114
18.6188
18.1791
18.003
18.5291
18.3816
18.1983
18.362
18.1259
18.2167
18.5657
18.1075
18.184
18.4231
18.0225
18.5361
18.2069
18.2876
17.9059
18.6399
18.4556
18.4571
18.4006
18.3773
18.4966
18.5145
18.1669
18.067
18.7306
18.3113
18.4905
18.44
18.6661
18.1089
18.2681
18.0697
18.1746
18.1422
18.1739
18.4386
18.4263
18.4277
17.9596
18.0004
17.9298
18.38
18.0158
18.5015
18.1646
18.4868
18.2617
18.3255
18.3518
18.1247
18.0912
18.4948
17.9192
18.2053
18.4577
18.4055
18.1192
18.4147
17.9652
18.2316
17.911
18.097
18.3139
18.2177
18.5999
18.4462
18.1713
18.3764
18.1051
18.7288
18.3043
18.2399
18.21
18.6117
18.4198
18.1491
18.3283
17.7836
18.1996
18.3326
18.0648
18.1057
18.4451
17.9403
18.1864
18.1619
18.39
18.1018
18.4216
18.5444
18.13
18.2556
18.4395
17.9189
18.0929
18.6586
18.5479
18.2066
18.221
18.4084
17.9613
18.0145
18.1469
18.1958
18.1312
17.8857
18.3854
18.2771
18.6477
18.0059
18.2188
17.9963
18.2784
18.2754
18.5013
18.3269
18.1995
18.408
18.1894
18.2243
18.1292
17.93
18.0562
18.3116
18.1439
18.3142
18.5231
18.1213
18.5687
18.0486
18.1978
18.1547
18.3124
17.6985
18.3842
18.0717
18.2253
18.0014
18.4168
18.629
18.264
18.1181
18.0994
18.0035
18.302
18.3434
18.0799
18.051
18.2224
18.2049
18.4708
18.0734
17.8775
18.6945
18.3049
18.344
18.4341
18.2837
18.2909
18.0284
18.331
18.4088
18.3626
18.6279
18.7667
17.8691
18.1146
18.5172
18.1258
18.1371
18.1535
18.4204
18.794
17.7965
18.593
18.0821
18.2244
18.1122
18.6769
18.6135
18.1473
18.4106
18.3788
18.2331
17.9814
17.9404
18.1737
18.3316
18.5461
18.4671
18.3852
18.3229
18.2647
18.2957
18.3233
18.2547
18.1456
18.0003
18.0896
18.2074
18.1551
17.9709
18.3121
18.0823
18.1911
18.4458
18.3601
18.0745
18.4984
18.4964
18.0665
18.3259
18.2448
18.3484
18.5065
18.0001
18.1431
18.146
18.1115
18.4289
18.0868
18.2767
17.8403
18.002
18.2903
17.9755
18.1087
18.3022
18.0078
18.1476
18.1746
17.9683
18.2748
18.2224
18.1096
18.4531
18.3828
17.9758
18.0744
18.0275
17.9682
18.4948
18.4466
18.3014
18.2029
18.5086
18.2303
17.9976
18.3929
18.3088
18.5138
18.2785
18.5509
18.7634
18.4351
18.1704
18.4743
18.2755
18.32
18.0755
18.5617
18.4771
18.032
18.2655
18.0388
17.7853
18.2015
18.0114
18.4808
18.0116
18.5028
18.3106
17.9002
17.9217
18.2041
18.6227
18.5967
18.0781
18.2991
18.2671
18.3655
18.0702
18.0967
18.1468
18.2441
18.7332
18.2976
18.3643
17.9885
18.0483
18.094
18.2965
18.3241
18.3164
18.2763
18.4066
18.1332
18.5264
18.0357
18.2861
17.7207
18.1722
18.1247
18.2212
18.1417
18.67
18.1503
18.2462
18.219
17.947
18.138
17.9205
18.1007
18.1878
18.1989
18.2641
18.2012
18.1219
18.0598
17.97
18.3115
18.3467
18.0846
17.5946
18.3918
18.1753
17.9275
18.0634
18.0838
18.3428
18.4005
18.6164
18.1734
18.338
18.0009
17.9675
18.2126
17.9335
17.9669
17.8722
18.2809
18.5236
17.962
18.1182
18.3421
18.178
18.0556
18.1877
18.3304
18.1775
18.3119
18.1075
18.196
18.2984
18.0829
18.5729
18.8316
18.0016
18.3747
18.1264
18.446
17.9923
18.3065
18.3633
18.186
18.0862
18.2623
18.4556
18.1548
18.2509
18.3087
18.3832
18.1185
18.2064
18.0573
18.2021
18.5909
18.1695
18.1605
18.213
17.9783
18.2352
18.1295
18.2677
18.3306
18.0237
18.1944
18.0475
18.1947
18.5326
18.4287
18.0483
18.4986
18.013
18.2412
18.0383
18.16
18.0486
18.2389
18.5858
18.188
18.3048
18.2094
18.0837
17.8926
18.1722
18.1033
17.9414
18.4656
18.0548
17.7199
18.3767
17.9585
18.1528
18.2524
17.9169
18.435
18.0464
18.4415
18.2888
18.1148
18.0518
18.248
18.0411
18.3561
18.4716
18.2564
18.3241
18.5976
18.3302
18.4567
18.5837
18.14
18.0835
18.4095
18.5931
18.4921
17.9651
18.213
17.937
18.1509
18.0886
18.4324
18.3119
17.9984
17.8715
18.3286
18.2195
18.6113
17.9692
18.6202
18.4646
18.438
18.0236
18.4393
18.048
18.1665
18.1683
17.8774
18.116
18.3186
18.1286
18.4321
17.9729
18.5008
18.3
18.3965
18.0312
18.2302
18.512
18.3082
18.4662
18.1221
18.2309
18.0763
17.9119
18.2955
17.9162
18.2168
17.7409
18.0134
17.9227
18.3035
17.8342
18.0432
17.8358
18.1426
18.2612
18.0346
18.1258
17.8217
18.4628
18.1911
18.0014
18.4958
18.3209
17.9691
17.9802
18.1806
17.7328
17.9565
18.4281
18.3944
17.8389
18.0047
18.1978
18.1184
17.6263
17.9742
18.1644
18.2656
18.06
18.0657
18.2709
18.0804
18.0192
18.3249
18.0432
17.811
18.2348
18.2115
17.947
18.2408
17.9351
18.0792
18.3548
17.9614
18.0345
18.2452
18.3709
18.2069
18.0633
18.1098
17.673
17.6797
17.8706
18.3653
18.2073
18.2261
17.9879
17.7976
18.0824
17.7532
18.5318
18.077
18.0207
18.093
18.0031
18.3489
18.2781
17.568
18.0395
17.8726
18.229
17.9274
18.2311
18.1451
18.2261
18.1848
17.972
18.198
18.7956
17.9413
18.5097
17.7224
17.9131
17.9624
18.4008
18.2437
17.858
18.3443
17.9374
18.3544
18.4747
17.8819
18.3044
18.0323
17.9197
18.0257
18.1891
18.0767
18.2164
18.0359
18.2187
18.2967
17.9483
17.9392
18.2065
18.1321
18.3322
18.2682
18.303
18.104
17.6769
18.3397
18.6584
18.1886
18.1819
18.4606
18.3022
17.8306
18.0321
18.0517
18.2628
18.4691
18.3776
17.839
18.4584
18.2089
18.6797
18.211
18.2436
17.8404
18.1564
17.9929
18.1949
18.3859
18.1245
18.064
18.1132
17.9197
18.3106
18.2022
18.1188
18.2132
18.1214
17.9151
18.1993
18.3827
18.1824
18.2944
18.4199
18.1332
18.004
17.6901
18.1935
17.9522
18.4044
18.0756
18.3907
18.3467
18.3657
18.3501
18.3542
18.3688
18.4195
18.3954
18.3576
18.2028
18.4276
18.0134
18.5653
18.0525
18.2219
18.1239
18.1679
18.1695
17.8696
18.3673
17.9254
18.0674
18.1858
18.1328
18.3551
18.5725
18.2573
18.0452
17.8949
18.4395
18.646
18.2668
18.5535
18.2869
18.2264
18.5469
17.8124
18.4964
18.3053
17.7557
17.9297
18.601
18.5806
18.6781
18.3818
18.1659
18.0031
18.1056
18.4198
18.284
17.8755
18.5869
18.3964
18.2848
17.8494
18.4052
18.2539
18.0283
18.517
18.412
18.6079
18.3017
18.2599
18.1353
17.9822
18.705
18.1886
18.4222
18.2686
18.003
17.88
17.8415
18.402
18.0565
18.3745
18.4748
18.5482
18.1482
18.4937
18.0855
18.2053
18.302
18.4667
18.257
18.4022
18.5265
18.2639
18.3186
18.387
17.7908
18.0687
18.0936
17.9402
18.1505
18.523
18.3453
18.1544
17.9912
18.6897
18.0191
17.8901
18.2379
18.0055
17.9034
18.2314
18.1287
18.2141
18.2833
18.1317
18.417
18.4173
18.1436
17.9529
18.1208
18.0522
18.006
17.9533
18.5217
18.1075
18.3653
18.2658
18.1543
18.0747
18.2009
17.8741
18.392
18.1925
18.3328
18.4829
18.1731
18.1261
18.0104
18.247
17.8436
18.0493
18.3784
18.2057
18.2776
17.6666
18.3592
18.2947
18.2341
17.6813
18.2043
17.9574
18.2934
18.2534
18.2628
18.1256
18.2434
18.3198
18.0171
18.0137
18.3377
18.0998
18.2951
18.2269
17.9236
18.2843
18.1194
18.016
18.5296
18.0431
18.5745
17.9882
18.1284
17.7842
18.1417
18.387
18.3275
18.1115
18.1739
18.2653
18.4208
18.2596
18.3959
18.0872
18.255
18.4093
17.8144
18.5563
18.2317
18.4016
18.2537
18.107
17.8347
18.0169
18.0892
18.0656
18.4271
18.1817
18.2492
18.35
18.0177
18.1595
18.2924
18.0489
18.2009
18.2287
18.4751
18.358
18.346
18.4441
18.2031
18.0531
17.9934
18.1595
18.1232
18.3079
18.5111
18.4121
18.4905
18.6046
17.9305
18.4738
18.1742
18.3187
18.3971
18.0704
18.184
18.2441
18.1027
18.2906
17.5637
18.1721
17.867
18.3986
18.3739
18.3844
18.0073
17.8002
18.4843
18.17
18.0006
18.1523
18.5328
17.7476
18.2911
18.1013
17.9964
18.1904
18.7051
18.3055
18.4077
18.2711
17.778
18.1665
18.4174
18.2458
18.1741
18.1287
18.4105
17.9324
18.3973
18.0215
18.0827
18.4197
18.1709
18.6428
18.4109
18.03
18.5236
17.9812
18.3488
18.0466
18.3669
18.5522
18.351
18.5307
18.1218
18.4631
18.39
18.3808
18.525
18.2979
18.2744
18.1363
18.3311
18.4395
18.4951
18.7648
18.5988
18.4417
18.461
18.7546
17.7795
18.8166
18.4899
18.4776
18.1805
18.9152
18.3073
18.613
18.3477
18.0886
18.6075
18.1756
18.4022
18.3131
18.3703
18.555
18.6634
18.3044
17.7032
18.4976
18.6518
18.5862
18.3311
18.4385
18.2634
18.14
18.1209
18.4285
18.4773
18.2449
18.0459
18.1852
18.1961
17.9009
18.2735
18.685
18.6772
18.6846
18.1246
18.4375
18.5572
18.1955
18.2436
18.3125
18.294
18.0623
18.441
18.504
18.3232
18.0835
18.5126
18.1872
18.1655
18.0527
17.7058
18.0078
17.7494
18.1421
17.6227
17.7411
17.873
18.1759
18.3475
17.9622
18.0768
18.0576
18.1199
17.9975
18.073
17.7296
18.0431
18.2415
17.9262
18.3337
18.3215
18.2916
18.1668
18.2639
17.9249
17.5058
18.2035
18.3919
18.103
18.3202
18.412
19.0455
18.1564
18.163
17.9223
18.29
17.9974
18.1223
17.8548
17.8892
17.7553
18.5462
18.0331
18.1814
17.7269
17.8454
18.1047
18.3128
18.3703
17.9803
18.0902
18.0139
18.1297
18.026
18.3809
18.0084
18.3686
18.1979
18.2455
18.194
18.4036
17.9029
18.1168
18.1739
17.7673
17.9486
17.9775
18.0423
18.1315
18.3191
17.6852
18.167
18.299
18.2441
18.1888
17.8959
18.1734
18.1367
18.1834
18.39
18.1101
17.9671
18.2168
18.761
18.3255
17.9807
17.8414
18.0856
17.568
18.0917
18.1355
17.8888
18.0351
18.1886
18.1504
18.0476
18.6803
18.2709
18.1991
18.4089
18.5778
18.2782
18.5141
18.4146
18.1447
18.2673
18.4931
18.6377
18.1622
18.4937
18.3353
18.3793
18.2242
18.3751
17.956
18.0665
18.3198
17.93
18.4329
18.3111
18.5507
18.1623
18.2292
18.2673
18.2713
18.4346
17.9313
18.4019
18.1598
18.1594
18.1625
18.3366
18.2833
18.1181
17.9339
18.098
18.1313
18.2249
18.3921
17.966
17.7675
18.6404
18.5095
18.1686
18.407
18.2113
18.6032
18.2784
18.2111
17.9706
17.8365
18.5961
18.1611
18.4927
18.3094
17.99
18.3598
18.0088
18.0475
18.306
18.3407
17.9891
17.7166
18.288
17.7448
18.1246
17.8112
18.4339
18.4072
18.0177
18.0218
18.4958
18.2608
18.1554
18.3933
18.3101
18.4049
18.1257
18.3614
18.7376
17.9475
18.3334
18.0389
18.1003
18.7556
18.5237
17.8308
18.2054
18.1724
18.3064
17.7064
18.1327
18.3599
18.4939
18.1127
18.0672
18.4107
18.1637
18.3824
18.5863
17.9487
18.1135
18.2759
18.681
18.3121
18.0617
18.8368
17.6228
18.1223
18.1794
18.1157
18.7151
17.9693
17.8811
17.9731
18.1618
18.3782
18.3056
18.0682
18.0478
18.7227
18.2511
18.414
17.874
18.2777
18.3673
18.368
17.8693
17.6844
18.7057
18.2995
18.0496
18.1937
18.3626
18.2648
18.1878
18.0366
18.2927
18.5562
18.1705
18.2743
18.3855
18.6641
17.7196
18.1938
18.481
18.2046
18.2969
18.2719
18.1928
18.2733
18.3407
18.227
18.3053
18.459
18.3706
18.2371
18.3788
18.2458
18.4107
18.6281
18.347
18.3294
17.8813
18.2239
18.6117
18.0801
18.3808
18.5405
18.4675
18.1339
18.4105
18.4873
18.3544
18.2428
18.3885
18.5297
17.9646
18.0957
18.2493
18.321
18.055
18.5685
18.266
18.3147
18.3611
18.5406
18.2242
18.6124
18.2158
18.2838
18.5664
18.5699
18.2354
18.3129
18.4464
18.6079
18.5734
18.2806
18.2087
18.157
18.3215
18.2831
18.299
18.203
18.0437
18.4392
18.078
18.1117
18.6724
17.9593
18.253
18.1359
18.5726
18.4225
18.2692
18.3919
17.9422
18.3546
18.2236
18.3297
18.345
18.4211
18.1249
18.1061
18.0822
18.0953
17.9595
18.068
18.1271
18.1162
18.7402
18.3881
18.0178
18.0865
18.1422
18.1357
18.4213
18.5477
18.1618
18.3887
18.6974
17.9879
18.1236
18.4315
18.0481
18.4694
18.1851
18.2441
17.9065
17.7755
18.3545
18.023
18.3079
18.1841
18.0339
18.1805
18.2562
18.2654
18.1939
18.3654
18.2627
17.8862
18.6817
18.0874
17.956
18.1311
18.3341
18.0853
17.7592
18.5234
18.4002
17.999
18.6243
17.9058
18.0379
18.0078
18.0154
18.1518
18.2405
18.0953
18.1403
18.1253
18.487
18.0509
18.0907
18.2782
18.0335
17.6502
18.2448
18.3487
18.022
18.3697
18.021
17.8796
18.1894
18.3038
17.7347
17.9856
18.2511
17.8278
18.076
17.9382
18.1362
18.0967
17.9978
18.0999
17.9392
18.0809
18.4653
17.9208
18.0292
18.655
17.8502
18.4548
18.2105
18.1279
17.9987
18.3742
18.2796
18.2406
17.9847
18.4487
18.3433
18.4609
18.0288
18.6302
17.9124
18.0438
18.2726
18.4669
18.2304
18.08
18.1866
18.2469
18.5716
18.259
18.2588
18.4729
18.3239
18.2091
18.3442
18.1637
18.3345
18.3416
18.186
18.1438
17.9256
18.4005
17.5908
18.7588
18.3055
17.9317
17.733
18.5245
18.008
18.2748
18.2528
18.7357
18.0094
18.4363
17.9736
18.135
18.6443
17.992
18.027
18.0124
18.0639
18.2353
18.2655
18.2918
18.5018
18.5522
18.4025
18.2148
18.0567
18.2967
17.8331
18.4499
18.5711
18.4344
18.1861
18.7071
18.2687
18.1123
18.126
18.551
18.1484
18.1637
18.5725
18.5802
18.1082
18.3515
18.4785
18.2618
18.1981
18.4225
18.5572
18.05
18.4134
18.5821
18.2971
18.1671
18.4276
18.1324
18.1241
18.0628
18.324
17.8913
18.0689
18.2073
18.2562
18.0232
18.1991
18.1789
18.3796
18.2683
18.0188
18.3447
18.4361
18.0467
18.2493
18.4047
18.2008
18.0365
18.3735
18.4805
18.2266
17.9144
18.2337
18.1736
18.4844
18.6154
18.2319
18.3118
18.6535
18.0034
18.1731
18.1458
18.3268
18.1407
18.6169
18.377
18.2093
18.3604
18.2697
18.3405
17.9163
18.3396
18.6208
18.348
18.5014
18.4368
18.9123
18.1853
18.3849
18.6266
17.9848
18.3059
18.2687
17.9832
18.2296
18.3453
18.5137
18.1491
18.1308
18.3925
18.2271
18.2463
18.1458
18.5214
18.0544
17.9573
18.4598
18.1498
18.1615
18.2264
18.268
18.3081
18.4987
18.5548
18.586
17.885
18.0219
18.081
18.3751
18.2858
18.3928
18.1197
18.1487
17.8619
18.1741
18.2335
18.2573
18.0539
18.1924
18.0139
18.4975
18.3779
18.5234
17.7967
18.3363
18.2104
18.2739
17.8712
18.5165
18.2389
18.4141
18.0546
18.2947
18.1049
18.3069
17.9795
18.0745
18.0455
18.4154
18.0623
18.2668
18.3297
17.8441
18.0318
18.2343
18.1626
18.0843
18.2789
18.446
18.2642
18.2447
18.286
17.9272
17.8924
18.2856
18.3639
18.3976
18.111
18.1687
18.5532
18.1622
18.6968
17.9887
17.9113
18.3893
18.4871
18.2867
18.0954
18.2467
18.1438
18.3911
17.9449
18.0995
18.5084
18.145
17.9519
18.4888
18.1857
18.2591
18.2392
18.3453
18.5805
18.305
18.2641
18.2127
18.4396
18.3128
18.4246
18.6721
18.1188
18.2247
18.3465
18.5744
18.687
17.9348
18.0147
18.136
17.9458
18.2022
18.2754
18.383
18.286
18.2149
18.0066
18.2057
17.7686
17.9306
17.9406
17.7183
18.4169
18.2527
18.1904
18.4451
18.2064
18.088
18.1656
18.7167
18.1715
18.1416
18.4959
18.449
18.2201
17.9344
17.9708
18.4018
18.407
18.1615
18.2053
18.1012
18.77
17.9231
17.9471
18.5106
17.9675
17.9829
17.9732
18.0715
18.7357
18.2679
18.4019
18.1628
17.9888
17.6485
18.2618
18.3476
17.9223
18.5024
17.9678
17.8673
18.1402
18.0854
18.5782
18.1623
17.7729
18.101
18.0291
18.3668
18.0439
18.2137
18.0894
17.8631
18.5058
18.2948
18.0464
18.4405
18.5466
17.7918
18.071
18.1918
18.0971
18.1369
18.0882
18.245
17.952
17.9698
18.0317
18.1777
18.0232
18.3767
18.0362
18.3139
17.6796
18.3918
18.0974
17.8903
18.1534
18.08
18.3948
18.0183
17.9389
18.3601
17.9123
18.5556
17.8879
18.4497
18.1919
17.9283
18.1902
18.6121
18.2246
18.0937
18.3115
18.3346
17.8186
18.1817
18.2624
18.2126
18.1031
17.8352
18.5966
18.0503
17.9632
18.0817
18.294
18.6898
17.9803
18.0256
18.2153
18.1204
18.2043
18.2065
18.0595
18.2809
18.2416
18.0255
18.5526
18.0016
18.1139
18.1365
18.4362
18.0067
18.2729
17.8468
18.1431
18.0807
17.7796
17.8011
18.3068
17.9621
17.8067
18.3406
18.0491
17.9991
17.9681
18.0834
18.146
18.0406
17.9122
18.3444
17.9911
18.0925
18.3253
17.9664
17.6465
18.2541
18.3077
17.7951
17.9934
18.2767
17.8818
18.0934
17.8129
18.2832
18.1193
18.4088
18.069
18.3079
18.265
18.1134
17.8825
18.1551
18.3616
18.1968
18.2072
17.972
17.9963
17.9577
18.0242
18.353
18.0409
18.1085
18.025
17.9296
18.162
18.2478
18.1011
18.4118
18.3326
18.0038
18.3693
18.4874
18.4778
17.8002
17.7967
18.0302
17.8686
18.4456
18.0373
18.2466
17.7801
18.0698
17.6349
18.1033
17.995
18.0674
17.908
18.0324
17.8637
18.0835
18.456
17.8667
17.9684
18.1269
18.1556
17.8772
18.3174
18.1381
18.0226
18.0185
18.1674
18.2724
17.9065
18.0651
18.2119
18.0288
18.2769
18.1746
18.1674
18.1273
17.8999
17.9223
18.2323
18.3712
18.2645
17.9575
18.3265
18.26
17.9529
18.2436
18.2694
18.2918
18.1883
18.3044
18.2241
18.1634
17.9561
18.3104
18.2434
18.1703
17.9019
18.2397
18.5452
17.8135
18.3168
18.4943
18.1507
17.9626
17.8204
17.9468
18.4171
18.3657
17.9951
18.3343
18.1644
18.5146
18.232
18.1292
18.4162
18.1496
18.4499
18.1835
18.1115
18.5236
17.8578
18.0072
17.9289
18.2917
18.1478
18.4572
18.2565
18.1768
18.2228
18.0167
18.1059
17.8811
17.9798
18.1458
18.053
18.0538
18.2448
18.0352
18.0151
18.0734
18.4128
18.2402
18.1304
18.3361
17.8888
18.3363
18.5302
18.1978
18.0254
18.6061
18.6509
18.2577
18.1118
18.4475
17.7602
18.0327
18.2933
17.9034
18.4599
18.0069
18.0853
18.6064
18.2974
17.9351
18.0812
18.2671
18.1178
18.2813
17.9661
17.8564
18.145
17.8071
18.2343
18.3771
17.7176
18.064
18.3193
17.7503
18.2362
18.1065
17.7413
18.0692
18.1343
17.8428
18.2322
17.8829
18.3173
17.8147
17.9917
17.8938
18.3232
18.2862
18.6701
17.9298
18.1305
17.9185
18.5784
17.9645
18.1551
18.3231
18.0137
18.5584
18.1492
18.3981
17.8828
18.2889
18.5563
18.394
18.3233
18.3393
18.524
18.2875
18.1642
18.389
18.3263
18.3266
18.5002
18.2928
18.151
18.0004
18.0919
18.6612
18.1962
18.1937
18.7092
18.1256
18.5839
18.2481
17.9942
18.1828
18.5982
18.279
18.3352
18.2242
17.9569
18.1213
18.7534
18.3347
18.6498
18.1798
18.2003
18.5297
18.2744
18.2116
18.2205
18.1754
17.6199
18.1571
18.1079
18.2097
18.1704
18.2876
18.0277
17.8886
18.3808
18.4244
18.1969
18.6727
18.3979
18.2225
17.8426
17.9462
18.2611
18.235
18.3382
18.1625
18.2718
18.3954
18.5624
18.1645
18.6198
18.6749
18.509
18.341
18.2994
18.2259
18.5505
18.4653
18.4493
18.3181
18.2758
18.4129
18.4638
18.2811
18.4653
18.5817
18.5045
18.448
18.1867
18.7004
18.2242
18.5327
18.1175
18.4426
18.4026
18.3044
18.4238
18.6081
18.2387
18.6551
18.6395
18.4699
18.5711
18.2886
18.4779
18.0785
18.7954
18.8122
17.9816
18.4626
18.498
18.26
18.5736
18.9035
18.2798
18.6373
18.4433
18.5434
18.2986
18.3844
17.9953
18.3266
18.5386
18.3687
18.6327
18.696
18.4941
17.9807
18.3426
17.7948
18.1722
18.2871
18.6185
18.0937
18.1514
18.5509
18.5476
17.9391
17.9151
18.1552
18.0976
18.3291
17.9854
17.882
18.6473
18.17
18.1349
18.1175
18.408
18.0343
17.9824
18.1441
18.2201
18.1551
18.1306
18.332
17.9288
18.2472
18.3352
18.5417
18.4288
18.0264
18.0907
18.1915
17.8521
18.661
18.1515
18.0078
18.3659
18.0789
18.3785
18.2948
18.3148
18.03
17.8977
18.1898
18.1905
18.5452
17.9902
18.3091
18.1492
18.1779
17.9329
18.0043
18.1235
17.8891
18.1658
18.2157
18.2103
18.1598
17.9432
18.3609
18.0164
17.6748
18.0722
18.6256
18.1961
18.3715
18.2595
18.4156
17.9808
18.5978
18.3802
18.4968
18.1133
18.1195
18.2521
18.2755
18.3329
18.2961
18.1978
18.3059
18.0882
18.4553
17.8876
18.2667
18.3838
18.5796
18.0758
18.3431
17.9926
17.9061
18.4455
18.5368
18.0313
18.1674
18.2708
18.0182
18.1085
18.1904
18.334
18.2549
18.2386
18.429
18.4253
18.3234
18.3668
18.0721
17.6885
18.5271
18.1494
18.2857
18.2684
18.2407
18.2326
18.0574
18.489
18.0447
18.0027
18.672
18.3034
18.2218
18.1114
18.2412
18.2791
18.2384
18.5471
18.0264
18.6189
18.4056
18.4411
18.5908
18.5793
18.5572
18.3472
17.9631
18.3016
18.2498
18.1557
18.4768
18.2643
18.2938
18.4779
18.3144
18.1643
18.3588
18.0907
18.3376
18.5217
17.7573
18.5514
18.5932
17.9931
18.1084
18.4071
18.3022
18.2269
18.5649
18.0532
18.6186
18.0408
18.3619
18.4751
18.3923
18.454
18.1784
18.0904
18.0632
18.5129
18.6202
18.2619
18.22
18.7298
18.117
18.2854
18.1013
18.245
18.1092
18.2044
18.1509
18.409
18.4483
18.3307
18.5293
18.528
18.213
17.9831
18.6572
18.628
18.0336
17.9244
18.3005
18.0854
18.0715
18.4087
17.7289
18.2119
18.2721
17.9745
17.9565
18.1672
18.1745
17.9694
18.0775
18.2807
18.3407
18.1169
17.8885
18.3786
18.2616
17.9166
18.1124
18.1438
17.7182
17.7548
18.2663
18.5132
18.1915
17.8486
18.3522
18.0596
18.1231
17.7975
18.0113
18.2994
18.2181
18.3585
18.3668
18.1953
18.2118
18.2795
18.1047
18.3196
18.0849
17.735
18.4162
18.0753
18.2809
18.1622
18.2914
17.8869
17.9447
18.1757
18.2534
18.2322
17.8565
18.1158
18.3727
17.9853
18.2433
17.969
18.2871
18.2151
18.0031
18.1183
17.582
18.2316
18.3874
18.4052
18.021
18.1054
18.1922
18.2349
17.8671
18.074
17.764
18.3893
17.9002
18.5655
18.1194
18.0703
17.9563
17.9303
18.2824
17.7189
18.3856
17.9802
18.1412
18.4608
17.9126
18.1433
18.0871
18.2754
18.1408
18.2454
18.1028
17.6708
17.8534
18.3882
17.7683
18.2829
18.2416
18.2677
18.2897
18.108
18.2104
17.9662
17.7824
17.8605
17.9897
17.9727
18.079
18.168
17.8627
18.1567
17.7795
18.1718
18.3246
18.4337
18.328
18.4947
18.1341
18.222
18.2204
18.4402
18.3145
18.3899
18.025
18.0631
18.5245
18.7887
18.1731
18.4935
18.2196
18.0439
18.4692
18.2415
18.2909
18.0388
18.4068
18.5245
18.2009
18.4134
18.2923
18.2698
18.1072
18.0033
18.5788
17.9718
18.5252
18.4986
17.7087
18.5471
18.1839
18.1426
18.0978
18.1135
18.3945
18.1704
18.3287
18.2144
18.608
18.1852
18.35
18.3482
18.4547
18.1578
18.1057
18.0975
18.1292
18.3737
17.7836
18.3209
18.087
18.3246
18.6022
18.1996
18.2634
18.3572
18.4542
18.3749
18.7903
17.7052
18.2877
18.2882
18.3931
18.0637
18.5728
18.5498
18.0282
18.6077
17.9911
17.7322
18.3508
18.5492
18.3897
18.4326
18.0705
18.6431
18.1175
18.27
17.9534
18.1369
18.34
17.989
18.5963
18.4962
18.2961
18.1744
18.1347
18.5836
18.1668
17.8048
18.1145
18.4398
18.2145
18.4509
17.8949
18.0394
18.6657
18.2513
17.8976
18.3804
17.7654
18.25
17.8775
18.2581
18.2902
18.1906
18.3717
18.3165
18.5253
18.3203
18.1906
18.0954
18.2509
18.5124
18.1012
18.4006
18.0127
18.1915
18.1687
18.0836
18.1815
18.0114
18.5503
17.6396
17.9703
18.4668
18.304
18.5126
18.0586
18.296
18.1624
18.1016
18.3285
18.3449
18.3778
18.1786
18.1325
18.2253
18.125
18.8594
18.3484
18.0456
18.0696
18.0638
17.8785
18.229
18.4676
18.5497
17.9422
18.0779
18.2552
18.1672
17.7358
18.5165
18.1377
18.0584
18.3968
18.3132
18.0513
17.996
17.9143
17.9773
18.0354
18.548
18.0997
18.454
18.0968
18.4766
18.4988
18.5517
18.1725
18.5294
17.7258
18.4013
18.3812
18.3456
18.2355
18.1488
17.904
17.9722
18.2975
18.5743
18.1778
18.2458
18.2991
18.0948
18.2754
17.8689
18.487
18.4423
18.4316
18.4599
18.8809
18.364
18.073
18.5821
18.2587
17.8072
18.2379
18.3069
18.2931
18.1149
18.2851
18.1859
17.9802
18.4021
17.8105
18.5727
18.3392
18.1895
18.4791
18.1233
18.6212
18.2631
18.4248
18.0406
18.4762
18.3023
18.0233
18.5166
18.1633
18.5981
18.1573
18.288
18.5937
18.2532
18.0286
18.293
18.441
18.5979
18.229
18.2263
19.1599
18.6929
17.9814
18.6141
18.1545
18.3643
18.5948
18.2624
18.5975
18.4211
18.3619
18.8365
18.4107
17.9084
18.2523
18.413
18.3939
18.457
18.1398
18.6694
18.43
18.1725
18.2893
18.9767
18.6169
18.5923
18.2857
18.3136
18.7238
18.2897
18.549
18.4323
18.3681
18.6786
18.202
18.3851
18.2011
18.7368
18.5613
18.3235
18.1885
18.2308
18.73
18.3171
18.537
18.6749
18.4713
18.1132
18.2892
17.8776
18.2724
18.7344
18.4076
18.282
18.6953
18.5755
18.4672
18.5539
18.198
18.2366
18.457
18.2101
18.6929
18.5566
18.3723
18.5136
17.974
18.3725
18.1384
18.4069
18.4995
18.2334
18.4596
18.5855
18.0793
18.2291
18.1968
18.4532
18.466
17.9088
18.1855
18.388
18.4334
18.203
17.881
18.2349
18.7381
18.5219
18.0801
18.4723
18.312
18.8812
18.1574
18.4616
18.3938
18.5407
18.6094
18.7444
18.4024
18.171
18.4506
18.6876
18.1767
18.2254
18.2808
18.2794
18.2514
18.4653
18.1662
17.8429
18.2576
18.1975
18.2242
18.1878
18.1859
18.3756
18.3387
18.5643
18.3036
18.4267
18.3532
18.2271
18.1533
18.1988
18.1345
18.6631
18.2397
18.0653
18.338
17.9046
18.0168
18.929
18.3052
17.7662
18.1939
18.0479
18.0256
18.4328
18.2325
18.485
18.2501
18.0414
18.2818
18.2551
18.1853
18.4265
18.265
18.0592
18.4522
18.3873
18.5491
18.0959
18.2529
18.0186
17.881
18.4796
18.3078
18.1254
18.1482
18.2783
18.6099
18.2745
18.3061
18.0334
18.3023
17.8024
18.0846
18.4826
18.4395
17.8958
18.3675
18.28
18.138
18.3592
18.4997
18.3239
17.9088
18.4887
18.333
18.256
18.2425
18.4056
18.3076
18.7387
17.9347
18.0689
18.3725
18.0779
18.0615
18.4314
18.4612
17.9915
18.7508
17.9347
17.7674
18.4884
18.4038
18.1004
18.3575
18.1622
18.265
18.5291
17.9977
17.9705
18.2885
18.1955
18.1937
18.182
17.8899
17.8134
18.696
18.5315
17.8284
18.0871
17.9046
18.0121
17.832
17.9379
17.9729
18.2471
17.9543
18.3377
17.8964
18.0195
17.991
18.0867
18.0836
18.1589
18.5314
18.3978
17.6873
17.8012
17.5092
18.4381
18.015
17.9338
17.9389
17.9511
18.3395
18.0571
18.2608
18.0892
17.8522
18.536
18.0426
18.1961
18.146
17.9111
17.8558
18.2911
18.1427
17.9265
18.1481
18.171
18.1226
18.2553
18.2756
18.0887
18.4035
18.0927
18.5149
18.4856
18.4056
18.5178
18.4009
18.1328
18.5815
18.5476
18.4188
18.1084
17.9823
18.1661
18.2933
17.923
18.0063
18.5187
18.2759
18.3577
18.3109
18.4029
18.1595
17.7521
18.1951
18.2955
18.6825
18.472
18.4688
18.3333
17.7828
18.0479
17.7878
18.6049
18.527
18.3615
18.3378
18.8327
17.8691
18.035
17.9858
18.3136
18.4354
17.9207
18.582
18.3868
18.6877
18.6506
18.2554
18.6298
18.1543
18.8261
18.6811
18.0827
18.5196
18.6272
18.6647
18.4373
18.3107
18.5879
17.9185
18.3795
18.5368
18.5726
18.2714
18.4126
18.1189
18.5422
18.1649
18.5841
18.2325
18.3435
18.3204
17.9394
18.3347
18.6314
18.1562
18.5143
18.5181
18.6715
18.3671
18.1291
17.9257
18.251
17.9822
18.2686
18.3694
18.4166
17.8184
18.3893
18.4085
18.3782
18.4621
18.2308
18.5405
18.3688
18.2369
18.3649
18.3078
18.1879
18.7062
17.8933
17.9148
18.7567
17.9576
17.7688
18.0415
18.0086
18.8362
18.3097
18.5447
17.9177
18.2617
18.1069
18.3271
18.3416
17.8835
18.2624
18.3753
18.0986
18.0874
17.6218
18.1724
18.6085
18.4001
17.9315
18.3782
18.2054
18.3034
18.2507
18.3724
18.0779
18.3322
17.8654
18.28
18.2982
18.1563
17.9788
18.2003
18.0322
18.3309
18.6172
18.6157
18.5284
18.4493
18.0523
18.5201
18.3849
18.4257
18.3495
18.341
18.0013
17.8397
18.1433
18.0399
18.4845
18.0569
18.3484
18.0612
18.2045
18.2875
18.2908
18.6425
18.4647
18.5148
18.057
18.1322
18.4411
17.6404
18.3345
18.2124
17.9427
18.3017
18.0667
18.3831
18.1221
17.8352
18.337
18.2246
18.5246
18.2947
18.2335
18.4541
18.075
18.401
18.4936
18.1994
18.026
18.465
18.5205
18.0178
17.7838
17.9701
18.1497
18.138
18.5594
18.2623
18.4315
18.4743
18.7027
18.0795
18.7757
18.2801
18.6844
18.3528
18.2649
18.3546
18.73
18.4848
18.545
18.6498
18.6828
18.2533
18.191
18.4804
18.1047
18.0939
18.345
18.6778
18.7781
18.3567
18.3685
18.4007
18.731
18.3571
18.5639
18.2298
19.0546
18.4736
18.4905
18.2175
18.4188
18.0884
18.4807
18.7456
18.4696
18.4001
18.219
18.3396
18.262
18.1867
18.3602
18.419
18.5689
18.2712
18.6328
18.5919
18.5914
18.3591
18.6728
18.4773
18.2963
18.4327
18.1222
18.2962
18.4926
18.3036
18.4504
18.4459
18.5663
18.4679
18.1306
18.5808
18.2648
18.339
18.5643
18.3898
18.274
18.8351
18.2751
18.4405
17.8703
18.8647
18.2746
18.1214
18.5062
18.6143
18.5163
18.3623
18.7988
18.3781
18.865
18.3992
18.2626
18.51
18.4734
18.1461
18.2136
18.1111
18.2998
18.3433
17.9664
18.1589
18.4329
18.0591
18.2879
18.2089
17.8781
18.0071
18.2899
18.0363
17.8117
17.7931
18.3829
18.6831
18.4131
18.2676
17.8573
18.009
18.1931
18.0701
18.0715
18.156
18.0422
18.1567
18.1853
18.1517
17.9254
18.0722
18.0308
18.2815
18.0494
18.0372
18.11
18.2677
18.3349
18.1164
18.4821
18.2108
18.4084
17.994
17.9212
18.1356
18.2779
18.2826
18.3842
18.4188
18.0899
18.2338
18.194
18.4749
18.6447
18.2774
18.2314
17.9261
18.4484
18.1294
18.545
18.5297
18.4525
18.3665
18.0645
18.3977
18.4453
18.5946
17.9836
18.0645
18.4582
18.1674
18.5582
18.0817
18.1847
18.1377
18.6141
18.1565
17.9912
18.556
18.1365
18.8
18.3842
18.2067
17.9896
18.0512
18.403
18.73
18.3913
18.1263
18.4016
18.339
18.2997
18.2282
18.517
18.7161
18.3894
18.1919
18.5609
18.4081
18.1535
18.4124
18.3792
18.1092
18.1383
18.5311
18.0013
17.8069
17.9445
18.1978
18.5743
18.2045
18.7859
18.1148
18.473
18.6953
18.6137
18.3579
18.4884
18.5559
18.6885
18.4209
18.3625
18.6837
18.1444
18.2608
18.3735
18.1023
18.1958
18.533
18.1773
18.0395
18.2627
18.3358
18.0363
18.6271
18.3866
17.8773
18.4869
18.35
18.5555
18.5768
18.3725
18.2699
18.3169
18.0619
17.9215
18.1995
18.0411
17.8604
18.0835
18.6261
18.2499
18.4636
18.192
17.8308
18.0307
18.1326
17.9553
17.9376
18.1664
18.0013
18.6532
18.4888
18.3947
18.3773
18.1376
18.124
17.9777
18.6242
18.6532
18.3218
18.0015
18.1543
17.9596
18.5033
18.1292
18.3468
18.2712
18.2846
18.2966
18.2141
18.4066
18.5939
18.3735
17.978
17.9989
18.6642
18.1245
18.375
18.2661
18.3198
18.2011
18.3045
17.989
18.1376
18.477
18.113
18.3258
18.1085
18.2653
18.2604
18.3587
17.8772
18.2615
18.1375
18.0928
18.1866
18.0513
18.5094
18.5744
18.216
18.0836
18.1687
18.5131
18.2971
18.4157
18.282
18.4214
18.1963
18.0689
17.8239
18.4235
18.2646
18.175
18.1748
18.3333
18.3884
17.9039
18.2139
18.4053
18.472
18.8283
17.7982
18.5713
18.1067
17.9267
17.9474
17.9728
17.8874
18.2696
18.3454
18.1895
18.0426
17.8976
18.3738
18.6453
18.3293
18.4207
18.1248
18.0823
18.1478
18.1023
18.3277
18.2845
18.5375
18.1676
17.8647
18.6479
18.0538
18.3424
18.2814
18.1566
18.3019
18.6
18.2667
18.1715
18.5916
18.2713
18.4638
18.5211
18.2645
18.3505
18.0464
18.0325
18.2024
18.1653
18.2822
18.1213
18.5742
17.9695
18.5212
18.6012
18.3522
18.3421
18.2128
18.2636
18.4265
18.6343
18.2631
18.574
18.5458
18.8603
18.3539
18.2306
18.2117
17.9957
18.4477
18.4429
18.138
18.1846
18.3854
18.362
18.3821
18.3891
18.3471
18.7068
18.611
18.0032
18.5535
18.4198
18.2299
18.3343
18.5148
18.3126
18.6165
18.3411
18.6155
18.5663
18.1663
18.6867
18.3075
18.2616
17.9237
17.9988
18.0319
18.5254
17.8611
18.3141
18.1149
18.3433
18.0303
18.0494
18.2981
18.4003
18.4299
18.2198
18.544
18.2429
17.8915
18.2764
17.569
18.0186
18.3081
17.7765
18.6613
18.4344
17.9999
18.2009
18.3674
18.1435
18.5877
18.5042
18.2673
18.3301
18.0918
17.9976
18.5554
18.323
18.3854
18.1494
18.8209
18.1342
18.5898
18.7699
17.884
18.1644
18.1829
18.7244
18.6223
18.3071
18.4747
18.0997
18.1736
18.4761
18.4794
18.4116
18.0535
19.0107
18.4408
18.6528
18.0678
18.1691
18.6846
18.4098
18.0695
17.8444
19.0894
18.1844
18.3977
18.5197
18.4959
18.1265
18.2375
18.3038
18.5253
18.0128
18.6712
18.6035
18.0113
18.1596
18.3314
18.2407
18.2844
18.0855
18.3836
18.6921
18.1899
18.0716
18.1564
18.3596
18.1115
18.2944
18.2439
18.391
18.6804
17.9698
18.1364
18.049
17.7073
18.0569
18.6207
18.5575
18.5364
18.4947
18.4598
17.8307
18.1314
18.0471
18.4154
18.5935
18.4082
18.1688
18.0643
18.5103
18.4072
18.6885
17.9141
17.8609
18.194
18.5557
18.252
17.9517
18.2483
18.2038
18.8014
18.08
18.4289
18.1904
18.2522
18.3087
18.2044
18.2295
18.2485
18.6153
18.2022
18.5771
18.7656
18.0808
18.5341
18.1051
18.3893
18.5481
18.3105
18.0577
18.5955
18.4363
17.9412
18.3815
17.8162
17.9523
18.4008
18.5239
18.2079
18.4006
18.3034
18.1713
18.0741
17.8631
18.0837
18.4776
17.9613
17.9531
18.07
17.7684
18.1806
18.2891
17.8504
18.3368
17.9562
18.426
18.2867
18.2372
18.5741
18.4024
18.0708
18.143
17.9332
18.6032
18.3861
18.3906
18.51
17.8822
18.1899
18.6182
18.664
18.2933
18.2814
18.7884
17.9023
18.4182
18.2232
18.4112
18.2029
18.3366
18.1576
18.3354
18.4379
18.3459
18.615
18.552
17.969
18.3245
18.6946
18.1231
18.3711
18.1822
18.1951
18.3225
18.5941
18.6021
18.244
18.6217
18.1166
18.5295
17.7575
18.0523
18.5055
18.435
18.3305
18.3662
18.4918
18.5722
17.9458
18.2238
18.5188
17.9917
18.3109
18.3372
18.146
18.5148
18.5684
18.3858
18.3011
18.3207
18.1496
17.9025
18.1597
18.2618
18.092
18.3904
18.4236
17.9116
18.2511
17.9693
17.9645
17.9622
17.8956
18.0738
18.5618
18.2738
18.2479
17.9568
18.1061
17.9778
18.4657
18.4547
17.9705
18.3626
18.1059
18.3441
18.6115
17.8933
17.8665
18.1787
18.3811
18.1566
18.44
18.3573
18.5203
17.8388
18.1931
18.538
18.2674
18.2989
18.6394
18.1929
18.3075
18.414
18.0513
18.3771
18.0434
18.1988
18.0795
18.4149
18.6508
18.18
18.1744
18.1343
18.0587
18.2954
18.0628
18.136
18.0983
17.8661
18.132
18.3414
18.0976
18.5095
18.0863
18.064
18.5437
17.7967
18.2669
18.6089
18.3411
18.2205
18.1388
17.9816
18.4977
17.9482
18.2392
18.4326
18.4092
18.0157
18.0203
18.1388
18.0051
18.5172
18.3601
18.2382
18.2677
18.0772
18.1279
18.2519
17.9769
18.1974
17.8307
18.1264
18.2379
18.3123
17.9844
18.5493
18.2241
18.4899
18.2492
17.8774
18.2603
18.4923
18.2951
18.2058
18.3744
17.9494
18.5825
18.4218
18.0429
17.7598
18.0561
17.8795
18.1659
18.4052
18.4651
18.1981
18.5612
17.9666
18.2548
17.6944
18.0707
18.0167
18.2634
17.7758
18.1949
18.3326
18.3371
17.9908
18.4606
18.2428
18.1831
18.3447
18.2875
18.2411
18.1478
18.2281
18.2816
18.2871
18.4146
18.0018
18.0407
18.1891
17.6742
18.4085
18.254
17.8371
18.0633
17.8013
17.9467
18.4506
18.534
17.9459
18.309
17.904
18.4865
18.2798
18.2678
18.4148
17.9391
18.2943
18.2016
18.3656
18.5869
18.3388
18.0255
18.3627
18.2712
18.4322
18.1748
18.032
18.0521
17.8777
18.9075
18.5474
18.3282
17.9958
18.5201
18.5339
18.1563
18.4904
18.2758
18.8661
18.1596
18.1599
17.8277
18.4764
18.2349
18.6569
18.7851
18.3031
18.4007
18.1653
18.2292
18.2712
18.7946
18.5807
18.2098
18.0935
18.4335
18.2177
18.3443
18.18
18.0218
18.2716
18.2283
18.1715
18.3011
17.8959
18.0791
18.4349
18.1561
18.2879
18.0292
17.9505
17.9068
18.3436
18.0261
18.4037
17.9271
17.9443
18.1265
18.1106
17.938
18.3064
18.0485
17.9634
18.5269
17.9744
17.8202
18.5493
18.3746
17.8977
17.8686
18.2172
18.096
18.2698
18.1653
18.1605
17.695
18.0774
18.2912
18.0191
17.6851
18.4633
18.3215
18.3038
18.0696
18.0671
18.2527
18.1888
17.9983
18.2187
18.5195
18.2325
18.3806
18.0979
18.3268
18.2567
18.0717
18.0424
18.0043
18.1643
18.2456
18.5546
17.8953
18.0552
18.0473
18.1461
18.0038
17.9943
18.1243
18.055
18.3868
18.6112
18.2857
18.6531
17.8929
18.4374
18.2858
18.3124
18.6736
18.0418
18.0275
18.1554
18.2219
17.6801
18.2594
18.4298
17.8549
18.3965
18.2616
18.4075
18.149
17.9452
18.1718
18.3679
18.4977
18.3559
18.6875
18.1977
18.1685
18.0861
18.1818
18.2886
18.2481
18.4204
18.3012
18.0822
18.0913
18.2278
18.2598
18.2289
17.7944
18.3645
18.1925
18.2224
17.9134
18.3611
18.3463
18.3155
18.5
18.2986
18.5004
17.836
17.9297
18.296
18.1352
18.1629
18.3372
17.9362
18.1419
18.2972
18.4084
18.2668
18.4345
18.3445
18.1678
18.1308
18.0604
18.0432
18.2745
18.3328
18.3127
18.275
18.2502
18.2238
18.4553
18.4956
18.7209
18.5034
17.9408
18.3265
17.7304
18.0123
17.6896
18.0316
17.9965
17.9201
18.3489
18.2406
17.9281
18.2562
17.8512
18.1334
18.4827
17.9464
18.3476
18.1168
18.0465
18.1233
18.7493
18.6481
18.0916
18.4119
18.1172
18.5616
17.6023
18.1362
18.1596
18.083
18.379
18.127
18.5356
18.2724
18.3591
18.4589
18.2659
17.7137
18.426
18.5739
18.6484
17.9696
17.9734
18.2363
18.417
18.1984
18.1068
18.1297
18.1824
17.9238
18.1438
18.0869
18.4933
18.3889
18.4592
18.2745
18.2569
18.5562
17.8571
18.0443
18.6784
18.0463
18.6094
17.9678
18.5229
18.2774
18.0174
18.4059
18.2097
17.9443
18.1904
18.54
18.421
18.3322
18.4962
18.3703
18.2707
18.0811
18.488
17.8498
