1.2908
1.17588
1.38992
1.68226
1.29222
1.74034
1.20249
1.09214
1.58882
1.16199
1.49186
1.29933
1.47595
1.41761
1.50026
1.22904
1.26248
1.83648
1.59788
1.68998
1.43681
1.84572
1.65301
1.59013
1.21721
1.77436
1.79597
1.54066
1.41744
1.44668
1.28721
1.19115
1.39541
1.57282
1.57923
1.51678
1.55688
1.68388
1.26753
1.13187
1.52181
1.65694
1.45767
1.48562
1.67941
0.988269
1.61342
1.02905
1.33391
1.60358
1.67054
1.45246
0.932113
1.275
1.70112
1.14743
1.5339
1.67393
1.3726
1.33971
1.3931
1.57128
1.46561
1.1175
1.87098
1.85741
1.61069
1.7983
1.05285
0.865322
1.67372
1.00789
1.01749
1.24011
1.80054
1.40527
1.16402
1.47691
1.18253
1.15152
1.20665
1.1437
1.50849
1.12008
1.13968
1.57994
1.33065
1.46379
1.07123
1.57173
1.65792
1.19809
1.35921
1.65181
1.06809
1.68245
0.978712
1.52747
1.36374
0.962595
1.45548
1.01806
1.45225
1.57838
1.36519
1.19547
1.40499
1.19816
1.4578
1.12777
1.22001
1.34086
1.44761
0.794646
1.69919
1.20645
1.19449
1.52621
1.0269
1.45598
1.23965
1.01975
1.58041
1.6692
1.42253
1.31605
1.18798
0.859664
1.40552
1.08506
1.57698
1.008
1.01065
1.26099
1.56865
1.1984
1.72237
1.23392
1.37123
1.66098
1.03336
1.64746
1.15443
1.27584
1.27018
1.39252
1.27071
1.33496
1.13653
1.21475
1.23429
1.36172
1.55413
1.31665
1.24799
1.23587
1.07215
1.52981
1.38069
1.47776
0.991231
1.41247
1.25851
1.59364
1.12187
1.23524
1.0283
0.965649
1.17293
1.15014
1.23896
1.12728
1.27764
1.08402
1.30518
1.29438
1.22451
1.4157
0.775673
1.07722
1.42551
1.30144
1.32717
1.36179
0.839716
1.21353
1.11496
1.02864
1.43548
1.31101
1.02865
1.47182
1.15371
1.24955
1.09136
1.27743
1.15241
1.28517
1.18659
1.42965
1.40308
0.892835
1.40122
1.36809
1.36914
1.25356
1.156
0.790032
1.2154
1.235
1.19216
1.05963
1.50338
1.0417
1.23381
0.795362
1.29208
1.23574
1.14448
1.21807
1.33532
1.33704
1.27635
1.30572
1.28052
1.31692
0.992005
1.28942
1.50228
0.924528
1.12778
1.35273
1.00858
1.37855
1.06382
1.44093
1.34302
0.797425
1.49377
1.13993
1.04514
1.61564
1.04625
0.899599
1.26096
0.799125
1.20141
0.868915
1.47584
1.11455
0.851369
1.12652
1.32019
1.00313
0.976193
1.58066
1.36712
0.776277
1.22154
0.997893
1.33896
1.33763
1.19556
0.999431
0.869012
0.880705
1.01888
1.07787
1.23589
1.44096
1.25371
1.11009
1.48413
1.28208
1.33194
0.957781
0.630665
1.1962
0.995431
1.1183
0.946167
1.27753
1.32616
0.978103
0.949423
1.40466
1.37626
1.01772
1.5242
1.07209
1.04845
1.30027
1.08595
1.21524
1.28376
0.821676
1.71315
1.34905
1.33523
1.39579
0.992018
1.3901
1.16197
1.2232
0.845066
1.01262
1.38868
1.39335
1.20999
1.10906
1.14376
1.14726
1.10041
1.04257
1.21845
1.21455
1.15599
1.44773
0.786929
1.23234
1.28115
1.31841
0.784561
1.31316
1.71404
1.15239
1.4356
1.27035
1.19229
0.725871
0.734383
1.26402
1.25167
1.07467
1.24482
1.21923
0.766476
1.30824
1.24719
1.06563
1.66941
1.40396
0.936777
0.885233
1.16694
1.25712
0.978151
0.958481
1.04119
1.53045
0.935115
1.35298
1.34316
1.10494
1.30752
1.3631
1.36995
0.897929
1.3942
1.27781
1.23849
1.30797
1.22578
1.16495
1.47107
1.35787
0.863059
1.37969
1.32592
1.03326
0.954628
1.40734
1.04515
1.10918
1.14039
0.622471
1.43813
1.31786
1.36751
0.861606
1.30234
1.44289
1.03042
1.49654
1.12405
1.04731
1.28838
1.15661
1.30389
1.47222
1.50514
1.28134
1.44367
1.52458
1.68487
1.11184
1.3289
1.4942
1.26509
1.38223
1.34051
1.3842
1.93368
1.11577
1.13213
1.41593
0.901462
0.896907
1.3416
1.23621
1.60317
1.42135
1.60558
1.21424
1.6113
1.07314
1.46944
1.39364
1.4407
1.49619
1.08128
1.44384
1.17917
0.986089
1.58105
1.17795
1.44093
1.43742
1.15134
1.81737
1.3642
1.15982
1.4408
1.7824
1.2812
1.2187
1.41282
1.34569
1.45193
1.6197
1.10045
1.41631
0.941742
0.913328
1.08297
1.21271
1.31118
1.71647
1.07898
1.45449
1.36231
1.30517
1.32936
1.02378
1.30984
1.3991
1.41427
1.19608
1.47565
1.67696
1.21657
1.24644
1.40889
1.65136
1.28261
1.45518
1.32353
1.14419
1.31013
1.40487
1.40427
1.47857
1.12308
1.56556
1.18264
1.51931
1.40737
1.38719
1.43321
1.73062
1.45146
1.49132
1.12258
1.49288
1.39703
1.67563
1.37144
1.20569
1.61315
1.31533
1.72413
1.1106
1.51981
1.19923
0.811107
1.13361
1.63891
1.45567
1.24625
1.65967
1.42114
1.43037
1.47343
1.23796
1.06507
1.25972
1.63381
1.06813
0.98953
1.44321
1.42223
0.923604
1.28307
1.45619
1.36179
1.48377
1.61186
1.41394
0.722344
1.15425
1.4926
1.00037
1.43956
1.37609
1.32823
0.836527
1.21241
1.38623
1.38042
1.64548
1.69044
1.3355
1.00822
1.02564
1.57918
1.05554
1.41907
1.29768
1.36734
1.35153
1.06033
1.22346
1.30859
1.20205
1.65509
1.41427
0.982168
1.52839
1.40023
1.16539
1.65749
1.09175
1.15506
1.03366
1.33234
0.957044
1.32102
1.23898
1.15924
0.993076
1.29617
1.13462
1.02038
1.23114
1.13569
1.56914
1.03681
1.46227
0.973301
1.55418
1.4708
1.24828
1.69625
0.722706
0.865304
1.19278
1.22873
1.63544
1.64407
1.69506
1.51993
2.09064
1.74093
1.30438
1.72518
1.49943
1.54639
1.3436
1.56345
1.73969
1.47927
1.47019
1.73708
1.21746
1.44032
1.88474
1.36264
1.37568
1.31414
1.45539
1.65346
1.63916
1.53346
1.84216
1.68379
1.27645
1.51624
1.29206
1.55856
1.21614
1.47754
1.83137
1.36826
1.37789
1.33779
1.54844
1.74491
1.61958
1.4722
1.54711
1.72608
1.32158
1.31614
1.70747
1.71241
1.61041
1.70509
0.854799
1.47864
1.38539
1.44517
1.07822
1.61269
1.20939
1.65813
1.41368
1.44504
1.69556
0.792919
2.04473
1.29101
1.42714
1.37041
1.7379
0.938063
1.57692
1.55966
1.27919
1.45042
1.25459
1.68739
1.62629
1.66977
1.68176
1.39249
1.29907
1.04574
1.89125
1.23384
1.36308
1.74678
1.7383
1.83873
0.944002
1.67496
1.46878
1.76057
1.47133
1.97031
1.42956
1.83217
1.57243
1.47674
1.24774
1.36085
1.48283
1.35477
1.36897
1.31258
1.20453
1.40927
1.39656
1.83261
1.43525
1.33463
1.25492
1.29787
1.36155
1.42921
1.27578
1.58019
1.59671
1.62987
1.32582
1.48997
1.13563
1.36587
0.924103
1.59599
1.34824
0.847116
1.38557
1.05779
1.17225
1.21559
1.5427
1.53802
1.0147
1.48031
1.58208
0.934108
1.55712
1.20334
1.27637
1.24938
1.32746
1.32952
0.968549
1.26127
1.35897
0.662376
1.34884
1.51494
1.10714
0.996996
1.62344
1.1736
1.33631
0.681553
1.41609
1.64226
1.50905
1.66486
1.31314
0.909135
1.29072
1.10389
0.937393
1.44348
1.63863
1.5609
0.785494
1.6072
1.48723
1.0604
1.37049
1.02122
1.27709
1.32816
1.33869
1.49873
1.2669
1.56362
1.04654
1.45602
1.61885
1.68714
1.53756
1.64321
1.2144
1.24519
1.25281
1.15924
1.43854
1.63433
1.27623
1.24841
1.02737
1.39883
1.02856
1.15654
1.1138
1.46458
1.55151
1.50205
1.55307
1.55723
1.70016
1.56108
1.45019
1.18455
1.56803
1.39169
1.5385
0.969779
1.02312
1.21577
1.0264
1.45919
0.997756
1.16192
1.31724
1.61101
1.3878
1.44349
1.15586
0.881701
1.4666
1.4211
1.51913
1.73424
1.31813
0.894447
1.21437
1.53196
1.64844
1.58236
1.19298
1.34879
1.13765
1.52139
1.17359
1.44448
1.51438
1.50077
1.58318
0.953374
1.51605
1.17228
1.15897
1.7905
1.37862
1.44652
1.64151
1.22601
0.927585
1.66184
0.795335
0.810428
1.11655
1.32685
1.01811
1.06614
0.637966
1.54938
0.996001
1.33637
1.39342
1.60205
0.912274
1.28682
1.22774
1.05247
1.09188
1.06856
1.56586
1.36326
1.48409
1.4173
1.3589
1.19266
1.6528
0.70955
1.45693
1.64126
1.21043
1.69832
1.54351
1.48113
1.13291
1.71194
1.28976
1.7467
1.41534
1.82377
1.47373
1.4878
1.50718
1.22809
1.43426
1.47936
2.04969
1.33733
1.36404
1.43905
1.36759
1.7283
1.33633
1.37219
1.47132
1.32939
1.05032
1.65193
1.38908
1.6464
1.10731
1.37156
1.98209
0.923976
1.57065
1.3144
1.4565
1.41459
1.17463
1.20114
1.48511
1.33814
0.910413
1.03457
1.25836
1.72875
1.18166
1.28321
1.31322
1.61674
1.34328
1.81023
1.19924
1.55049
1.3278
1.52108
1.9332
1.41258
1.74963
1.12235
1.22713
1.31283
1.59935
1.27535
1.52762
1.88287
1.59205
1.26547
1.53549
1.65794
1.31824
1.42592
1.64341
1.63251
1.66704
1.30227
1.77072
1.4231
1.80834
1.52319
1.25305
1.64925
1.79257
1.40891
1.63876
1.27448
1.58091
1.49424
0.573487
1.4169
1.42309
1.35169
1.47316
1.16246
1.55992
1.33113
1.72467
1.23891
1.58763
1.3196
1.26536
1.34874
1.18945
1.43264
1.38103
1.8111
1.58112
1.09331
1.53314
0.961732
1.44023
1.20095
1.37852
1.55267
1.31191
1.45391
1.26151
1.31277
1.27302
0.719098
1.25165
1.71731
1.17025
1.60427
1.44829
0.96449
1.29871
1.31208
1.20806
1.50813
1.65113
0.94368
1.04768
1.28833
1.47718
1.24575
1.04263
0.927849
1.4746
1.07487
1.34809
1.56272
1.3679
1.22048
1.67344
1.74907
1.27617
1.60025
1.05892
1.17542
1.54841
1.20058
1.2623
1.63838
1.67891
1.22973
1.28554
1.52944
1.04054
1.13785
1.40147
1.33293
1.4047
1.36721
0.904421
1.72077
1.22106
1.6389
1.07986
1.51692
1.58798
1.15067
1.44022
1.69238
1.28425
1.74876
0.739578
1.24073
1.31544
1.7246
0.954137
0.898671
1.29064
1.48706
1.37293
1.41224
1.22064
1.41951
1.08715
1.16939
1.60161
1.49855
1.54294
1.21105
1.50758
1.561
1.58452
1.46632
1.07309
1.39947
1.26153
1.54786
1.28027
1.24867
0.854586
1.4534
1.69971
1.08308
0.915423
1.69784
1.12628
1.28327
1.74314
1.33555
1.49627
1.50576
1.1054
1.25952
1.17933
1.38654
1.43073
1.38943
0.94334
1.34941
0.812971
1.63683
1.37214
1.28776
1.31763
1.73059
1.29567
1.38943
1.64097
1.26857
1.81163
1.16701
1.06445
1.30602
1.40769
1.19581
0.989642
1.63425
1.19913
1.38504
1.17014
1.26195
1.63867
1.08903
1.45152
1.37805
1.76953
1.01621
1.40373
1.2509
1.48238
1.09437
1.38123
1.54402
1.02833
1.41484
1.01751
1.8416
1.31816
1.81638
1.15528
1.24173
1.27965
1.46983
1.2681
1.25905
1.31534
1.29039
1.58653
1.41975
1.14266
1.45746
1.73751
1.03922
1.18188
1.24981
1.60155
1.1547
1.3824
0.80913
0.87927
1.57516
0.756615
1.66104
1.40925
0.875085
1.41564
1.85075
1.01009
1.26231
1.16492
1.33109
1.39009
1.24366
1.66076
1.3299
1.26033
1.14403
0.971347
1.49547
1.95774
1.45193
0.95036
1.14598
1.41706
1.5465
0.908038
1.60083
1.231
1.59726
1.49512
1.56332
1.28958
0.826172
1.30221
1.20488
1.42032
1.01419
1.78464
1.51179
0.876299
1.24822
0.993361
1.26225
1.2505
1.52371
0.800208
1.32473
1.19108
1.30753
1.41007
1.42559
1.02738
1.14335
1.01499
1.08123
1.08603
1.19394
1.34637
0.925577
1.1325
1.69109
1.49267
1.58811
1.13523
1.32317
1.24447
1.14996
1.48264
1.72639
0.952155
1.20289
1.25949
1.22741
1.35095
0.972141
1.46043
0.951829
1.19112
1.49345
1.3863
1.28408
1.17522
1.46422
1.10669
1.50064
1.47318
1.30563
0.946506
1.48144
1.55165
0.991176
1.34193
1.34663
1.27208
1.5078
1.11492
1.30547
1.30738
0.95955
1.52021
1.31011
1.2995
1.67032
1.3457
0.925291
1.29383
0.693344
1.27035
1.15204
1.55992
1.1185
1.21604
0.881861
1.44319
1.32402
1.01711
1.46563
1.69907
0.819019
1.57784
1.31761
1.25022
1.38296
0.853343
0.934411
1.30341
1.14434
1.28812
1.05729
1.34475
1.35288
1.30024
1.39819
1.28049
1.58396
1.26943
0.974843
1.09973
1.60504
1.1025
1.08526
0.952574
1.49965
1.23733
1.10685
1.14553
1.31094
1.42537
0.967153
1.5675
1.11681
1.20326
1.42895
1.03665
1.40603
0.995363
1.1735
1.27063
1.08953
1.18781
1.15473
1.14792
1.08393
1.15042
1.17763
1.18159
1.19545
1.07894
1.09606
1.05203
1.17654
1.16407
0.861232
1.13774
1.28779
0.934978
0.986448
1.1435
1.17194
1.27301
0.719818
0.631585
1.44771
0.818769
1.04135
1.32024
1.13476
1.00635
1.09549
0.947435
1.39343
1.0523
0.772102
1.01504
0.942038
1.1047
0.944893
0.764233
1.2443
1.44771
1.13191
1.21268
1.21953
1.06845
1.18797
1.36665
1.18901
1.23267
1.24418
0.975393
1.05968
1.16501
1.12649
0.756803
1.28102
1.14987
0.962009
1.04751
0.810258
1.44717
0.745617
1.29927
1.28982
1.43991
0.957803
0.964581
1.17115
1.21618
1.06338
1.11619
1.17422
1.03377
1.33097
1.10869
1.21782
0.956343
1.4206
1.0786
0.820113
1.3219
1.22866
1.49629
1.47284
0.903222
1.51715
1.22646
1.0724
1.51165
1.19796
1.141
0.729849
1.49834
1.323
0.968065
1.49095
1.08774
1.06401
1.05663
1.35892
1.16258
1.15634
1.34516
1.15728
1.01056
1.23123
1.2713
0.869318
1.25194
1.26098
1.47375
0.969353
1.19305
1.49327
1.31358
1.36302
1.35483
1.40139
1.22333
1.08027
1.1505
0.946932
1.20311
1.44973
1.15466
1.27632
1.00093
1.24757
1.10606
1.1003
1.47126
0.954383
1.24473
1.20913
1.40141
1.15974
1.46289
0.961308
0.901914
1.11062
0.888291
1.03928
1.0835
1.05645
1.47893
0.861824
1.30994
1.051
1.16928
1.03321
1.34658
1.22278
1.05575
1.15007
0.993633
1.52295
1.16266
1.46587
1.5427
0.965276
0.967702
1.08372
1.25427
1.50224
1.61122
1.73251
1.12831
1.24568
1.82724
1.17668
1.46576
1.51965
1.00117
1.33184
1.55445
1.45485
1.18505
1.00219
1.24036
1.42582
1.04282
1.3218
0.716663
1.22273
1.17751
1.55589
1.50627
1.59072
1.21546
1.30298
1.49939
1.16895
1.3578
1.09157
1.21693
1.13157
1.35671
1.16044
1.14336
1.26258
1.31866
1.07279
0.944863
1.64656
1.29396
1.24942
1.38234
0.987802
1.58797
1.0317
1.22766
1.28197
1.31406
1.55587
1.54435
1.18325
1.16096
0.809338
0.959893
1.42398
1.15154
1.03803
0.537221
1.18694
1.11385
1.18573
1.03532
1.30478
1.15163
0.587929
1.27515
1.40693
1.29451
1.39829
1.49391
0.675425
1.24013
1.27764
1.20127
1.14577
1.30097
1.00814
1.07639
0.636786
1.24957
1.21747
1.24838
1.12292
1.93507
1.49413
1.23081
1.40934
1.85114
1.47058
1.56692
1.34252
1.47009
1.39502
1.6621
1.4447
1.66074
1.56602
1.13457
1.60286
1.98129
1.331
1.54646
1.61887
1.5474
1.45287
1.19619
1.45496
1.67381
1.28415
1.39123
1.62938
1.38753
1.8369
0.793295
1.21814
1.98005
1.28876
1.34988
1.09872
1.64196
1.35775
1.01057
1.55104
1.81767
1.75389
1.35132
1.92137
1.566
1.21813
1.49113
1.41848
1.53779
1.77538
1.83327
1.42758
1.11507
1.22564
1.2778
1.26553
1.58377
1.80803
1.38535
1.40095
1.55515
1.56569
1.4913
1.64544
1.11502
1.53318
0.843908
1.18353
1.01128
1.83569
1.40566
1.34387
1.26415
1.63466
1.51914
1.35365
1.67537
1.38577
1.65402
1.5668
1.44799
1.62328
1.27693
1.54531
1.01168
1.12287
1.25559
0.899476
1.64696
1.47916
1.23803
0.91261
1.41109
1.15272
1.79786
1.26301
1.49732
1.30839
1.10296
1.45925
1.26087
1.43882
1.7818
1.02232
1.15559
1.69441
1.07897
1.42825
0.908263
1.39918
1.17922
1.6341
1.01049
1.40433
1.35133
1.12538
1.34384
1.31022
1.33662
1.55109
0.858208
0.935383
1.37524
1.57379
1.32376
1.43006
1.33385
1.68314
1.36704
1.35455
1.27812
1.01669
1.10747
1.43076
1.33035
1.46027
1.55503
1.45156
1.126
1.0125
1.54732
1.40582
1.2668
1.46861
1.32757
1.49103
1.37641
1.41779
1.42003
1.5848
1.1331
1.50687
1.59813
1.23856
1.00213
1.23708
1.12435
1.34163
1.1759
1.66468
1.40626
1.30623
1.15769
1.48655
0.74704
0.997282
1.35315
1.00305
1.63355
0.656129
1.62007
1.22706
1.27716
1.51335
1.1432
1.07889
1.43068
1.59378
1.19558
1.39673
1.25023
1.30038
1.40654
1.29251
1.49841
1.30977
1.08498
1.23648
1.20801
1.04701
1.56271
1.63447
1.12088
1.40489
0.984079
1.50041
1.27154
1.35885
1.19596
1.28287
1.00741
1.49758
1.1182
1.35709
1.39827
1.516
1.0088
1.54945
1.14157
1.23195
1.14785
0.828919
1.32522
1.31801
1.1042
1.30646
1.25137
1.31164
0.788012
0.999414
1.47811
1.38628
1.22391
1.254
1.07573
0.795862
1.29248
1.17989
1.2991
1.2833
1.21999
0.930997
1.07829
1.1632
1.22764
1.09566
1.18158
1.24032
1.05237
0.988869
1.45731
1.53194
1.25698
1.26331
1.3919
0.652101
1.29645
1.62473
1.5669
1.05301
1.5508
1.37958
1.09299
1.58365
1.26494
1.5273
1.89603
0.982377
1.30696
1.3889
0.873259
1.4762
0.982719
1.21169
1.82318
0.914159
1.52051
1.48227
1.32415
1.43343
1.14026
1.29498
1.93548
1.32869
0.817412
1.2775
1.58998
1.11007
0.964558
1.2689
1.22251
1.74772
1.25783
1.94368
1.38213
1.10351
1.35588
0.954982
1.45022
1.46178
1.81181
1.61354
1.19198
0.922951
1.32295
1.45403
1.92206
1.61444
1.16992
1.34253
1.63121
1.41796
1.48655
1.8654
1.18535
1.29771
1.15649
1.15984
1.25551
1.6094
1.50224
1.28631
1.18187
1.63927
1.57374
1.55686
1.7159
1.64541
1.66102
1.3252
1.26592
1.58068
0.87356
1.144
0.81202
1.51366
1.06806
1.36075
1.09797
1.39547
1.29166
1.34644
1.17946
1.16759
1.52777
1.05846
1.20812
0.852817
1.18512
1.49469
0.938189
1.34458
1.49061
0.734647
1.19417
0.919392
0.929183
1.52183
1.38753
0.617815
1.09246
0.912518
1.25928
0.996339
1.31988
0.918693
1.15563
0.696635
1.16535
0.847377
1.12152
1.43919
1.33027
1.05651
1.35252
0.973496
1.24845
1.33614
0.818342
0.957071
1.09514
0.877281
1.16836
1.28532
1.37796
1.05959
1.09135
1.2378
1.56656
0.964587
1.30915
1.06155
0.758359
1.08554
1.0896
1.23902
1.27316
1.14657
1.2453
1.23485
0.99937
1.01826
0.984998
0.824451
1.46998
0.994656
1.29942
1.30655
1.22602
0.764062
1.33942
1.20947
1.60783
1.07803
1.58456
1.2344
1.55523
1.50241
1.28889
1.45238
1.05083
1.6363
1.25273
1.15223
0.862601
1.1099
1.43144
1.1449
1.36542
1.46849
0.95605
1.38727
1.36706
1.07277
1.46461
1.78136
1.08101
1.04546
1.23969
1.3624
1.34552
1.33668
0.956618
1.27586
0.632899
1.20086
1.12713
1.08253
1.38963
1.44986
1.32839
1.34211
1.33893
1.26136
1.3951
0.939705
1.32609
1.47786
1.30346
1.39881
1.30587
1.68593
1.05871
1.36446
1.28899
1.59921
1.45275
1.14804
1.44944
1.25618
1.3377
1.46362
1.43607
1.59525
1.26501
1.48691
1.32786
1.5125
1.17584
1.46943
1.42642
1.57899
1.27458
1.39676
1.40274
1.27126
1.31657
0.96073
1.71461
1.61717
1.06752
1.3318
1.16584
0.951958
1.58769
1.11094
1.54963
1.68938
0.988906
1.24584
1.47507
0.964571
1.48571
0.983475
1.29408
1.87237
0.757776
1.38532
1.10765
1.23421
1.27336
1.17101
1.21661
1.85316
1.22678
0.712139
1.12901
1.35859
1.39834
1.04502
1.21743
1.07626
1.62557
1.39333
1.87966
1.156
1.13244
1.40178
0.77248
1.61907
1.04822
1.69126
1.48919
1.11832
0.739156
1.42459
1.46408
1.69543
1.48138
0.967578
1.41071
1.54845
1.15229
1.44217
1.60216
1.13447
1.18323
1.33139
1.09174
1.46613
1.33924
1.39841
1.24396
0.844615
1.60007
1.36596
1.41674
1.42948
1.42857
1.41184
1.34085
1.17655
1.3368
1.55932
1.2443
1.00967
1.2161
0.890133
1.1123
1.59891
1.1263
1.26194
1.22681
0.970008
1.12564
1.29951
1.19493
1.58524
1.07754
1.25321
1.57301
0.867042
1.10557
0.682206
1.14555
1.10055
1.30974
0.970218
1.42173
1.13815
1.1345
1.08172
1.07357
1.25474
1.1296
1.13944
1.13123
1.04543
1.58031
1.43984
0.85308
1.15469
1.33237
0.853877
1.24178
1.16004
1.21124
1.22635
0.951774
0.884568
1.17821
1.38288
1.12262
0.92062
0.779337
1.23227
1.36149
1.00923
1.39115
1.22131
0.998232
0.874973
1.13387
1.43081
1.33707
0.846603
1.22242
1.40823
0.847914
0.974079
1.17816
1.06417
0.984538
0.960152
1.27376
1.38504
1.3458
0.970449
1.53757
1.41566
1.20295
1.34615
1.47068
1.68824
1.06753
1.22242
1.48447
1.18529
1.43934
1.61635
1.35288
1.05276
1.04216
1.3495
0.890691
1.43034
1.70492
1.50208
1.18668
1.436
1.07518
1.2439
1.51394
1.63631
1.25721
0.989529
1.43691
1.31257
0.935768
1.44133
1.28126
1.41658
1.07985
1.18373
1.42482
1.20892
1.14786
1.76436
1.20813
1.57417
1.58829
1.1809
1.1108
1.72423
0.869733
1.10147
1.17933
1.72802
1.36662
1.11024
1.33828
1.58617
1.22547
1.41804
1.3169
1.24324
1.01079
1.21685
1.17218
1.40024
1.79591
1.21237
1.66724
1.44569
1.6662
1.61237
1.3562
1.09953
1.54888
1.26307
1.39041
1.79603
1.64377
1.40811
1.38138
1.76292
1.31296
1.28757
1.33895
1.78429
1.34611
1.5117
1.21749
1.44625
1.35211
1.36421
1.47432
1.15771
1.35081
1.21885
1.49485
1.16872
1.61778
1.72293
1.24638
1.55303
1.32037
1.65103
1.4297
1.43556
1.02361
1.30786
1.16064
1.65112
1.32152
1.42128
1.36502
1.55869
1.23601
1.55657
1.42055
0.955618
1.51951
1.06683
1.54756
1.47894
1.41747
1.2985
1.32623
1.47739
0.85829
1.14949
1.4824
1.4418
1.48486
1.27231
1.50928
1.0702
1.31442
1.09826
1.49702
1.27236
1.45639
1.16976
1.32717
1.53852
1.13015
1.34308
1.47337
1.27499
1.19974
1.34775
1.59318
1.73544
1.56145
1.49192
1.06566
1.03438
1.91942
1.2339
1.48251
1.35288
0.725882
1.16796
1.58528
1.12372
1.80562
1.07689
0.920421
1.73532
0.997518
1.49171
1.18987
1.61917
1.06795
1.04457
1.20829
1.77891
1.2806
0.819505
1.31594
1.43733
1.20785
1.10391
1.38411
1.19251
1.61847
1.64894
1.70957
1.0715
1.15009
1.43084
1.06036
1.15596
1.5771
1.66431
1.41073
1.06563
1.05416
1.22735
1.45458
1.47635
1.45392
1.08368
1.23387
1.29889
1.63007
1.59744
1.70587
1.46566
1.28815
1.05839
1.51497
1.03811
1.37447
1.54781
1.65081
1.06947
1.2014
1.75644
1.31982
1.38266
1.42606
1.71754
1.47821
1.1696
1.53836
1.47801
1.34081
1.73738
0.852879
1.53636
1.6141
1.13248
1.64404
1.46301
1.40049
1.22288
0.892646
1.45587
1.22684
1.17597
1.57509
0.877348
1.10811
1.49941
1.41254
0.939093
1.53615
1.37635
1.09745
0.964757
1.44234
1.40233
1.33141
0.9728
0.86667
1.46015
1.09163
1.34529
1.54746
1.12053
1.64602
1.44484
1.41686
0.978852
1.10211
1.05202
1.41747
1.42329
1.38891
1.44044
1.35187
1.49609
1.05327
1.61487
1.479
1.13623
1.35856
1.14537
1.23284
1.2268
1.34389
0.883654
1.47321
1.35227
1.65517
1.19506
1.26912
1.41708
1.11931
1.34464
1.21235
1.01103
1.33609
1.40982
1.30558
1.44249
1.12096
1.39236
0.944516
1.32977
1.01886
1.03132
1.02679
1.67476
1.20598
1.38871
1.22652
1.1138
1.4756
1.14681
1.18846
1.27416
1.2492
0.772913
1.12063
1.40218
1.68523
1.34051
1.09372
1.16161
0.869141
1.53465
0.919172
1.48527
1.43875
1.37446
1.68337
1.32513
0.823239
1.15299
1.12038
1.2679
1.32723
1.11191
1.61933
1.40677
0.784824
1.22561
1.03408
1.02466
0.882863
1.09561
0.786178
1.06896
0.83871
1.39927
1.11892
1.32447
1.19206
1.17878
1.05121
1.38366
1.25988
0.852394
1.04802
1.19823
1.12514
1.2715
1.49963
1.41235
0.722628
0.996779
1.20434
1.23473
1.37724
1.48907
1.59463
1.09653
1.57985
1.15205
0.778704
1.2982
1.54257
0.94784
1.62704
0.981283
0.98957
1.69065
1.08137
1.70536
1.32604
1.3492
0.8745
1.2365
1.38681
1.67963
1.45231
0.755925
1.31911
1.38893
1.38911
1.19692
1.28271
0.882373
1.47614
1.50782
1.40809
1.40711
0.984333
1.3076
1.28091
1.42255
1.20632
1.59733
1.2901
0.976935
1.26872
1.02185
1.32988
1.47514
1.40193
0.889334
1.24068
1.22766
1.28613
1.41614
1.43599
1.29403
1.32703
1.15561
1.23155
1.28544
1.00657
1.40118
1.18456
1.21733
1.4636
1.44726
1.37066
1.50153
1.42813
1.62559
0.833998
1.28685
1.4595
1.37074
1.29701
1.59473
1.57568
1.1969
1.30173
1.46053
1.36609
1.38549
1.39714
1.71478
1.29127
1.28897
1.91401
1.07574
1.5206
1.62358
1.51706
1.42505
1.37983
1.57015
1.40656
1.16162
1.52213
1.24217
1.23505
1.86093
1.37608
1.364
1.38706
1.65859
1.43561
1.17371
1.75244
1.72222
1.49968
1.51245
1.38961
1.25804
1.53509
1.2993
0.749745
1.53529
1.26862
1.43801
1.18426
1.27077
1.57363
0.738202
1.34229
1.23801
1.77522
1.35484
1.35276
1.64455
1.31637
0.909298
0.954885
1.64193
1.55875
1.4387
1.46959
1.69085
1.2708
1.42861
1.10427
1.45791
1.46141
1.5317
1.38243
0.851178
1.38238
1.6003
1.17772
1.08411
0.898718
1.19975
1.18753
1.03124
1.3772
1.06688
1.07185
1.24738
0.942024
1.08826
1.69011
1.09823
0.870802
0.844723
1.23862
1.40669
0.943618
1.1791
1.17906
1.48186
1.18069
1.34349
1.34874
0.699288
1.40249
1.22629
1.32313
0.783008
1.32888
1.08609
0.987575
1.138
1.09048
1.01466
1.03001
1.35226
0.708582
1.35805
0.969989
1.1941
1.12195
1.0142
0.951003
1.24275
0.932247
0.639184
1.02012
1.21522
1.13374
0.767768
0.931638
1.43787
1.153
1.21997
0.95353
0.907484
1.02605
1.17281
1.17552
1.4771
1.43572
1.43788
0.83389
0.89828
1.34755
1.29405
1.0626
1.25771
1.49639
1.12338
1.11271
1.52264
0.921117
1.31745
1.39174
1.0616
0.926257
1.52216
1.40815
1.06085
0.922372
1.09759
0.932289
1.10692
1.4433
0.919743
1.19432
1.22178
0.978729
1.59067
0.636434
1.62777
1.34751
1.73384
1.4531
1.17206
1.03067
1.50988
1.02701
1.00222
1.37197
1.32713
1.48348
0.601089
1.51599
1.43514
0.903542
1.50295
1.29125
1.17366
1.22544
1.56489
1.61015
1.10782
1.58397
1.44475
1.65832
1.00811
1.55111
1.42262
1.49968
1.00277
1.63729
1.23752
1.27687
1.22001
1.22037
1.12384
1.73195
1.48008
1.91151
1.45246
1.13267
1.68486
1.38187
1.64651
1.51053
1.59978
0.841667
1.56784
1.54882
1.2954
1.51655
1.39882
1.5259
1.13129
1.69909
1.45172
1.49611
1.50515
1.22631
1.88821
1.04292
1.34323
1.42353
1.33471
1.74479
1.4878
1.52728
1.45345
1.19554
1.10074
1.65737
1.15977
1.1564
0.905691
1.21564
1.29277
1.13378
0.918956
1.74457
1.32855
1.16957
1.64073
1.65165
1.40191
1.77222
1.51712
0.718593
1.38008
1.55293
1.5241
1.18431
1.77859
1.32892
1.34088
1.16967
1.61169
1.2231
1.39419
1.50127
1.13574
1.46232
0.668983
1.49511
0.945245
0.970262
1.27603
0.821747
1.58821
1.06382
1.32684
1.07678
1.11215
1.09659
1.51945
0.984604
0.744129
1.16935
1.44529
0.990646
0.946784
1.09435
0.894097
1.3411
1.25367
1.41985
1.2826
0.491547
1.34192
0.893493
0.914905
1.1603
1.23497
1.20422
0.993085
0.942595
0.971985
1.20521
1.29929
1.21854
0.856879
1.1839
1.12148
1.4423
1.38183
1.29553
1.07663
1.16556
0.911043
1.16204
0.695218
1.15545
1.31892
1.1306
0.954955
1.23506
1.53549
1.21117
1.27784
1.25603
1.25686
1.19375
1.06477
1.49605
1.26083
1.05536
1.57798
1.17648
1.06442
1.71986
0.771483
1.2005
1.4512
1.24788
1.09068
1.25584
1.19446
1.09269
1.10303
1.13871
1.17177
0.934712
1.26436
0.858576
1.15965
1.4725
1.10032
1.38514
1.46928
0.869459
1.35075
0.799694
1.29309
1.4327
1.5223
1.48288
1.1972
0.872022
1.11516
1.14934
0.852153
1.29144
1.24712
1.38926
0.607787
1.22093
1.6346
0.989098
1.36823
1.32133
1.40633
1.27594
1.54227
1.41416
1.01561
1.29431
1.36626
1.27234
1.15958
1.74393
1.25705
1.4635
1.1305
1.38533
1.2551
0.868979
1.2445
1.46724
1.55861
0.958969
1.21104
1.74263
1.09465
1.12526
1.54823
1.02247
1.5449
1.6079
0.912354
1.10168
1.44944
1.44305
1.28228
1.27313
0.849655
1.32247
0.700059
1.41519
1.13509
1.19053
1.37638
1.49096
1.55982
1.2279
1.57643
1.36882
1.8133
1.22397
1.15186
1.32788
1.42194
1.25055
1.2958
1.75515
1.23487
1.42496
1.13379
1.68893
1.27453
1.15567
1.59481
1.28906
1.39912
1.22063
1.4868
1.63037
1.37797
1.46635
1.52051
1.6236
0.954274
1.21397
1.19801
1.81272
1.26289
1.8836
1.2312
1.39206
0.982897
1.36705
1.12942
1.26288
1.3545
0.900789
1.73918
1.37239
1.23627
1.22547
1.35125
1.35317
1.52985
1.22148
0.942851
1.29396
1.53048
1.03911
0.856318
1.2164
0.967676
1.34759
1.13171
1.58898
1.31588
0.789833
1.15665
0.965208
1.15695
1.21522
1.47672
1.50403
1.11673
1.07618
1.06816
1.26594
1.6062
1.36916
1.16631
1.13019
1.4402
1.52826
1.36417
1.53617
1.07224
1.1453
1.21442
1.28525
1.09874
1.22181
1.51582
1.03841
1.27175
1.5386
1.73564
1.59352
1.51492
1.4886
1.22528
1.20435
1.20233
1.66392
1.11925
1.64557
1.09747
1.4586
1.52406
1.6058
0.735016
1.592
1.3449
1.4122
1.77809
1.75506
1.36397
0.976409
1.34169
1.4953
0.930246
1.43402
1.39976
1.57637
0.95628
1.43822
1.46032
1.36616
1.16806
1.71622
1.56888
1.23688
1.74478
1.53913
1.30426
1.68983
1.20475
1.19872
1.52178
1.6938
1.29179
1.36694
1.57758
1.27816
1.02539
1.57827
1.10211
1.14874
1.29263
0.94596
1.61534
1.47952
1.6767
0.851764
1.70914
1.76214
1.38487
1.87621
1.29844
1.19464
1.34021
1.28968
1.62423
1.80561
0.881022
1.4331
0.808602
1.16177
1.10885
0.831189
1.15232
0.876478
0.680304
1.38233
1.26937
0.655246
0.68416
1.07861
0.988985
0.851854
0.756449
0.862063
1.30026
0.883126
1.2611
1.18261
1.07523
1.06121
1.29518
1.2637
1.26775
1.33882
0.830659
0.88297
1.15118
0.931599
1.03663
1.37297
1.38791
0.921982
1.01124
1.27546
0.968026
0.985025
1.3144
1.05496
1.07482
0.848311
0.762983
1.2382
1.1793
1.38117
1.07717
1.1584
1.11779
1.01492
1.08423
1.3564
0.95585
1.56162
0.882387
0.968439
1.10139
1.69273
1.06852
1.25991
1.554
1.41505
0.78032
1.20379
1.21419
1.51243
1.35681
0.878129
1.34473
1.09152
1.1331
1.16592
1.04647
1.31177
1.53329
1.49733
1.19976
1.32413
1.2387
1.21312
1.53762
1.16796
1.58462
1.48502
1.13866
1.05651
1.37256
1.03702
0.988782
1.43223
1.19493
1.04014
0.99835
0.836471
1.59571
1.05428
1.56605
1.52448
1.56734
0.927025
1.34991
1.19865
1.20213
1.17819
1.41891
1.3976
0.960075
1.52354
1.18968
1.47258
1.26428
1.82945
0.960901
1.09324
1.41049
1.64211
1.89962
1.55891
1.26588
1.64574
1.66516
1.50219
1.62491
1.69486
1.63853
1.39131
1.70671
1.32089
1.26348
1.5305
1.39743
1.40222
1.27429
1.19074
1.70961
1.12788
1.52238
1.73764
0.997056
1.46535
1.34933
1.57344
1.50073
1.83104
1.10923
1.4083
1.32427
1.49085
1.34757
1.51525
1.51056
1.66826
1.4527
1.46363
1.23302
1.23123
1.23714
1.4505
1.22783
1.46131
1.78
1.19203
1.8154
1.55952
1.71233
1.85177
1.27592
1.29703
1.2998
1.54431
1.8164
2.01625
1.14805
0.968809
1.07881
1.26427
1.06036
0.72965
1.23289
0.671504
0.777683
0.876738
1.14228
1.05414
0.85129
0.754435
1.108
1.16739
1.06718
1.58864
1.0394
0.982297
1.162
0.791104
1.36024
1.18454
1.19229
0.970332
0.913297
0.542036
1.21277
1.05317
1.37364
1.23968
1.09543
1.02858
1.32753
1.25097
1.13788
1.17403
0.994942
1.21745
1.13051
1.08432
1.20463
1.1554
1.21021
1.16693
0.724533
1.17063
1.33387
0.911475
1.40485
1.04755
1.20663
1.24813
0.630283
0.968461
1.43008
1.1462
1.41692
1.34666
1.06848
1.57065
1.37013
1.43437
1.12928
0.764937
1.46218
1.2356
1.19719
1.78564
1.42998
1.62824
1.5606
1.06009
1.67355
1.30953
1.52252
1.62735
1.61369
1.55618
1.29222
1.16745
1.28001
1.44524
1.16888
1.38164
1.19555
1.22651
1.24045
1.3812
1.28971
1.03518
1.52492
1.33579
1.4461
1.22578
1.46768
1.69765
1.34965
1.0861
1.567
1.31872
1.04877
1.16332
1.16805
1.28831
0.93925
1.6681
1.50208
1.41403
0.999979
1.28074
1.49248
1.32038
0.860946
1.54301
1.15947
1.16058
0.970757
1.40872
1.45315
1.29304
1.20195
1.03274
1.27789
1.47728
1.66695
1.15317
1.19017
1.64207
0.954202
1.46605
1.10929
1.21148
1.1693
1.23166
0.99596
1.45582
1.60652
1.22647
1.40743
1.0518
1.55747
1.62199
1.08298
1.62737
1.15379
1.12817
0.995952
1.3756
1.31215
1.4433
1.22922
1.61638
1.4988
0.802016
1.30155
1.25229
1.13927
1.11507
1.01467
1.24547
1.65471
1.30168
1.15282
1.39856
1.24387
0.987266
1.28921
1.4436
1.24572
0.717202
1.01098
1.21138
0.850877
1.01856
1.20365
1.01391
0.890212
1.20795
1.20717
1.25289
0.89605
1.43107
1.44768
1.18731
1.35604
1.11458
0.948799
1.34652
0.94995
1.01877
1.30242
1.3118
1.08344
1.03871
1.49227
0.764695
0.850143
1.20583
0.729261
0.910719
1.08285
0.959206
1.52322
1.05144
1.35605
0.82732
1.39983
1.33753
0.909352
1.37299
1.28655
0.849295
1.2798
0.978721
1.39181
1.14808
1.40473
1.51353
1.60803
1.6257
1.00716
1.42683
0.92447
1.49249
1.21023
1.37095
1.22516
1.47958
1.74012
1.09962
1.09723
1.35721
1.14218
1.57677
1.32445
1.33113
1.64848
1.40732
1.04693
1.53572
1.06478
1.15556
1.25713
1.12733
0.931171
1.06332
0.854774
1.53342
1.1248
1.56207
1.56121
1.38816
1.22744
1.52332
1.49266
0.794843
1.31342
1.40591
1.48964
1.18201
1.61836
1.53273
1.1479
1.25821
1.67779
0.99099
1.38291
1.56234
1.08445
1.79188
1.32826
0.876146
0.737565
1.29311
1.45228
0.762
1.45525
1.41815
1.59358
1.29659
1.70663
1.13927
1.19183
1.16728
1.34878
1.57838
1.49642
1.836
1.14014
0.709069
1.1635
1.08281
1.11575
1.29066
1.78574
1.19653
1.10238
1.34408
1.3477
1.3132
1.45082
1.17385
1.29298
0.903176
1.01976
1.15533
1.46013
1.49309
1.26076
1.07099
1.52028
1.45797
1.25873
1.41993
1.14072
1.57929
1.26961
1.09345
1.42713
1.15278
0.983402
1.0863
0.700593
1.21711
0.986273
1.05459
0.700088
1.15768
1.0887
1.00535
1.45105
1.20467
1.19015
1.31336
1.1754
1.30016
1.44193
1.03221
0.696055
1.04893
0.990248
1.19556
1.20354
1.30108
1.34995
1.17587
1.17063
1.50149
1.07666
1.2287
1.13222
1.01698
1.13914
1.02379
1.09896
1.27061
1.30425
1.42814
1.35648
1.00772
0.954616
1.06022
0.757536
1.41427
0.821396
1.46219
1.36126
0.972898
0.819833
1.39552
1.6866
1.38083
1.3378
1.3235
1.45053
1.04863
1.5456
0.681611
1.36391
1.22256
1.52906
1.61453
1.2495
1.77443
1.53392
1.81691
1.02082
0.982368
1.36335
1.64177
1.32286
1.21685
1.38773
1.35653
1.73183
1.07767
1.64625
1.66814
1.26213
1.15621
1.47615
1.60109
1.56061
1.78015
1.72561
1.14917
1.68121
1.59571
1.72224
1.10599
1.68656
1.24041
1.80345
1.13673
1.63124
1.43291
1.30004
1.18036
1.23042
1.21131
1.48499
1.28274
1.20481
1.03328
1.55531
1.34385
1.34893
1.77768
1.4519
0.959057
1.59769
0.917365
1.44428
1.34918
1.07363
1.13099
1.23147
0.654835
1.47958
1.19118
1.37884
1.29229
1.3105
1.39977
1.35885
1.6138
1.41356
1.07411
1.12717
1.59886
1.27599
1.31624
1.09931
1.45465
1.11998
1.3207
0.727627
1.33805
1.54791
0.865052
1.53204
1.1969
1.0944
1.61716
0.908631
1.2372
0.97642
1.23838
1.28458
0.906751
1.07812
0.87201
1.6117
1.1901
1.56199
1.17312
0.995914
1.24787
1.14555
1.41605
1.11224
1.59594
1.16521
0.984014
1.03754
1.18053
1.17419
1.48051
1.52756
0.943467
1.18668
1.18751
1.32652
1.21267
1.47074
1.2914
1.28146
1.11172
0.87991
1.23217
1.26889
1.43876
1.158
1.00426
1.4239
1.43943
1.30684
1.35583
1.25756
1.50179
1.08029
0.832167
1.42912
1.04198
1.32582
0.717459
1.08987
1.17621
1.18864
0.92133
1.44516
1.01293
1.17817
1.03947
1.27868
1.51948
1.18579
1.43412
0.851349
0.778505
1.1178
1.06548
1.01961
1.10789
1.55476
1.11611
1.05564
1.42002
0.936553
1.04131
1.07914
0.873564
0.983201
1.03345
0.813903
1.35727
1.19983
1.45554
1.03311
1.03966
1.34004
1.07598
1.13106
1.19992
0.684848
1.24508
1.2057
1.02583
1.08869
1.56637
1.08324
1.21161
1.52875
1.23974
1.55724
1.14297
0.854694
1.57966
0.935376
1.6373
1.60364
1.3452
1.54788
1.13647
0.930021
1.45123
1.18864
0.868083
1.04774
1.15074
1.12476
0.92511
1.04965
1.27934
0.680558
1.29797
1.37433
1.35506
1.26527
1.39055
1.71544
0.841614
1.15118
1.33339
1.40621
1.08458
1.28476
1.29574
1.06442
0.745908
1.51193
1.12729
1.26225
1.12375
1.09721
0.916394
1.21502
1.22447
1.08271
1.43444
1.48158
1.1036
1.28461
1.26017
0.731083
1.74665
1.18301
1.32926
1.27547
1.25935
1.0175
1.33447
1.70036
1.22384
1.28192
1.13126
1.58008
1.49589
1.37666
1.65745
1.13525
1.19458
0.909326
1.45
1.02032
1.45992
1.52488
1.41746
1.50158
1.0142
1.52478
1.33667
1.6882
1.40047
1.69133
1.32648
1.38144
1.44009
1.21731
1.22539
1.22438
0.959021
1.44703
0.880705
1.00125
0.694768
1.14378
1.2424
1.26991
1.57266
1.2182
0.643534
1.06315
0.817312
0.844527
1.23058
1.42368
1.09569
0.729502
1.26423
1.28571
0.959224
1.37043
0.858541
0.943869
0.866793
1.03355
1.0849
1.16072
1.35436
0.921203
1.17004
1.35513
1.46571
1.39114
1.22105
1.01697
1.18511
1.10299
1.05897
1.4145
1.10049
1.1737
0.960576
1.27802
1.45337
1.17329
1.34429
1.32241
1.2728
1.34577
0.836628
0.861794
1.27486
1.15253
1.2658
1.11686
1.52266
1.12252
1.17254
1.21893
1.37308
1.25237
1.02654
1.21418
1.19126
1.39713
1.19567
1.10458
1.40076
1.24549
1.28707
1.23154
1.25551
0.991794
1.13748
0.970296
1.54772
1.05408
1.4942
1.17042
0.96864
1.00814
1.41019
1.18101
1.42585
1.40542
1.10688
1.41648
1.2889
1.30145
1.17978
1.40223
1.2946
1.29303
1.38584
1.19954
1.56288
1.60138
1.53048
1.08132
1.40636
1.60719
1.19652
1.50811
1.50729
1.29605
1.00956
1.3456
1.1857
1.44963
1.20017
1.82896
1.3073
1.37744
1.44778
1.43929
1.54486
1.45573
1.37546
1.57778
1.20347
1.32335
1.52309
1.38459
1.16828
1.27523
1.37694
1.08908
1.46583
1.34563
1.59569
1.04555
1.06543
1.04371
1.41992
1.01109
1.2208
1.12348
1.13362
1.40866
0.983166
1.59357
1.27656
1.29233
1.02021
1.02451
1.14508
1.28253
1.66349
1.50575
0.844077
1.48178
1.38044
1.48352
1.052
1.40637
1.18093
1.5019
0.962687
1.37408
1.30313
1.47617
1.03457
1.55458
1.6106
1.16341
1.22675
1.50009
1.46961
1.43678
1.38794
1.16541
1.31142
1.40323
1.22714
1.16996
1.69077
1.72853
1.4842
1.25966
1.69622
1.38553
1.15357
1.41913
1.07422
1.32539
1.26873
0.883471
1.40115
1.57829
1.72937
0.97146
1.52521
1.61098
1.44688
1.51227
1.73605
1.27615
1.42033
1.26793
1.14763
1.5424
1.60035
1.45938
1.267
2.00064
1.2381
1.56928
1.25415
1.1782
1.30026
1.93829
0.942447
1.09249
1.11035
1.12642
1.23053
1.19175
1.08101
1.51566
1.02579
1.27965
1.5
1.49949
1.2174
1.56085
1.56741
0.920351
1.44485
1.33122
1.87523
1.07905
1.43212
1.51526
1.33654
1.04615
1.71585
0.992422
1.67852
1.58175
1.52802
0.975856
1.24656
1.50431
1.44203
1.73432
1.41323
0.878908
1.19513
1.24648
1.27505
1.19396
1.38376
1.21928
0.959464
1.43427
1.37028
1.25878
1.55344
1.30971
0.978573
1.30379
1.57333
1.58534
1.04425
1.53818
1.55467
1.2231
1.22595
1.61207
1.46431
1.04976
1.03344
1.44807
1.4938
1.28342
1.29417
1.45687
0.980944
1.04012
1.06163
1.19665
1.26396
1.08618
1.01818
1.0105
1.18696
1.31017
1.27857
0.888804
1.35174
1.18941
1.40631
1.39094
1.1692
0.865877
1.25342
0.911887
1.00962
0.634198
1.28331
1.22415
0.856804
1.00394
1.45002
1.43864
1.27279
1.32811
1.27065
1.05684
1.22315
1.25229
1.58965
1.61003
1.47129
1.6049
1.7306
1.279
0.733486
1.50205
0.793461
0.851292
1.33847
1.46715
1.3837
0.378872
1.38674
1.39979
0.861623
1.51351
1.20176
1.17065
1.13513
1.43098
1.52627
1.00275
1.50678
1.1842
1.619
1.33881
1.59613
1.55027
1.49917
1.1342
1.57899
0.926734
1.29479
1.39676
1.40457
1.26594
1.4644
1.57045
1.23917
0.436933
1.48456
1.61281
1.63076
1.38497
1.14045
1.52194
1.69467
1.39113
1.71762
1.52688
0.997665
1.15065
1.32685
1.42202
1.20026
1.45859
1.44321
1.43051
0.687432
1.52697
1.57418
1.3328
1.45418
1.46903
1.19667
1.69969
1.32138
1.39919
1.6836
1.20333
1.51189
1.36652
1.49899
0.990898
1.41103
1.46266
1.06893
1.14062
1.30124
1.33891
1.69411
1.49434
1.65561
1.3046
1.21908
0.90757
1.62819
0.857231
1.37801
1.52138
1.49728
1.59879
0.995755
1.70393
1.5308
1.37375
1.39423
1.61419
1.4649
1.63257
1.75779
1.46287
1.47366
1.348
1.28303
1.49739
1.38287
1.33155
1.40191
0.919249
1.65451
1.32834
1.24178
1.32311
1.17601
1.16967
1.32891
1.52854
0.983176
1.59251
1.1851
1.36763
0.913084
1.11466
1.75311
1.32761
1.59763
1.01298
1.19835
0.872165
1.40599
1.41989
1.62362
1.07947
1.54529
1.40886
1.43109
1.40152
1.36195
0.999426
1.33929
1.55681
1.48685
1.52692
1.43689
0.998172
1.27804
1.54654
1.39742
1.53508
1.39459
1.29779
1.38942
1.4497
1.41103
1.0481
1.37611
1.0703
1.5247
1.12287
1.35427
1.57269
1.43328
1.28425
0.988627
1.33486
1.12316
0.972394
1.0758
1.43468
1.28706
1.0993
1.26524
1.25731
1.09638
0.80405
1.24467
1.48305
1.12393
1.14462
1.38118
1.14257
1.37512
1.28953
1.21735
1.06103
1.16072
0.671378
1.51696
0.746789
1.54765
1.11923
0.923011
0.89951
1.09436
0.663022
0.841847
0.963148
1.32475
0.989403
0.648381
1.13751
1.11903
1.04324
1.14946
0.901077
1.05
0.778648
1.18823
1.14188
0.863768
1.17481
1.06448
1.06761
1.19232
1.28503
1.08375
1.2389
0.88335
1.36507
0.902082
1.13263
1.10666
1.45038
1.38998
1.53733
1.36477
1.14738
1.38113
1.54702
1.34665
1.52042
1.37155
0.989906
1.30354
1.23749
1.27685
1.19893
1.42442
1.23174
1.35703
0.474999
1.41965
1.43999
1.04519
1.48301
1.30812
1.22135
1.57944
1.04833
1.15307
0.925323
1.10915
1.24064
1.00905
0.71829
1.15552
1.24784
1.07545
1.3048
0.960805
1.02854
0.604035
1.283
1.00102
0.92375
1.32579
1.02644
1.47751
1.12591
1.36097
1.33307
1.33901
1.05933
1.51826
0.740274
1.42775
1.41784
1.06044
1.26657
1.23123
0.746921
0.824866
1.5247
0.489925
1.10363
1.19139
1.531
0.99711
1.14451
1.26774
1.07995
1.00502
0.914928
1.39958
1.24302
1.45241
1.21506
1.35101
0.880185
1.31624
0.92342
1.02325
1.37079
1.28217
1.16318
1.21949
1.02068
1.46537
1.23946
0.825799
1.27148
1.36952
1.19726
1.50368
1.37653
0.907174
1.29777
1.33715
1.31372
1.22598
1.46862
1.22981
0.885615
0.649625
1.21246
1.41188
1.46412
1.41274
0.972812
1.33075
1.14213
1.46604
1.22928
1.34826
1.26747
1.40046
1.21603
1.6719
1.40655
0.951679
0.910332
1.42409
1.42358
0.865006
1.37151
1.28537
1.19032
1.16116
1.41474
1.37035
1.62271
1.32725
1.33996
1.01075
0.988761
1.21445
1.28912
0.98998
1.04273
0.863299
1.04544
1.1438
0.982864
1.00785
1.04988
1.03057
1.1874
0.996629
1.25591
0.863334
1.03766
1.3174
1.07498
1.45263
1.35088
1.22953
1.47666
0.887411
1.40205
1.21846
1.2431
0.992776
1.46845
1.32922
0.958066
1.38455
1.26671
1.49541
1.09077
1.60535
1.31219
1.48921
1.05777
1.58055
0.943838
1.12586
1.27515
1.74079
0.989111
1.2883
1.53238
1.7191
1.1033
1.3721
1.24026
1.12001
0.940051
1.23947
1.41954
1.25024
1.60927
1.35215
1.12894
1.11631
1.48356
1.14975
1.31005
1.66532
1.40532
1.33843
0.896062
0.947281
1.25112
1.11995
1.70684
1.18684
1.49334
1.22833
1.28146
1.47189
0.558016
1.33015
1.38595
1.08844
1.5735
1.21223
1.65849
1.01771
1.27332
1.27673
1.48044
1.16756
1.1223
1.55972
1.07686
1.11563
0.966059
1.5502
1.24987
1.32362
1.38834
1.30211
0.880981
1.41952
0.920315
1.16983
1.36015
1.11934
1.54367
1.3767
1.2834
1.45865
1.05458
1.25978
1.13298
1.16652
1.39945
1.2642
0.966215
1.34526
0.784119
1.055
1.36739
1.27523
1.17611
0.881951
0.926494
1.05351
1.1263
1.18469
1.21555
0.827702
1.06135
1.41753
1.04485
1.23761
1.30968
1.03607
1.02116
1.23117
1.4537
1.221
1.13926
1.38532
1.4147
1.13832
1.71551
1.32683
1.3535
1.35508
1.3224
1.59752
1.1355
1.15813
1.38658
1.40862
1.63755
1.42439
1.15296
0.721409
1.24112
1.12413
1.12849
1.25581
1.03889
1.21851
1.12925
1.30143
1.05993
1.55466
1.01978
1.38435
1.36566
1.36606
1.4959
1.40005
0.745938
1.18658
1.68506
1.07702
1.38503
1.41804
1.15377
1.33945
1.13534
1.17903
1.49798
1.52744
1.34711
1.28498
1.22852
1.35393
1.6979
1.30807
1.4948
1.40753
1.44239
1.43948
1.40091
1.73622
1.24056
1.21066
1.36311
1.09737
1.33446
1.29338
1.09372
0.90916
1.33214
0.964021
1.40751
1.1804
1.19702
1.21398
1.30162
1.27389
1.13172
1.36516
1.19098
1.39758
1.28046
1.49116
1.33054
1.34719
1.68347
1.25625
1.51368
1.35892
1.15604
1.01788
0.94119
1.36346
1.5909
1.45591
1.3382
0.946898
1.30331
1.16778
1.16635
1.58439
1.07209
1.15609
1.38715
0.992504
1.35546
0.991759
1.76806
1.37652
1.39658
1.0827
1.1686
1.43926
1.03934
1.65568
1.25048
1.67846
1.0015
1.59722
0.982516
1.60116
1.39729
1.08684
0.707998
0.916496
1.15105
1.58207
1.63344
1.64874
1.18735
1.23199
1.19092
1.0033
1.71082
1.46003
1.70393
1.37395
1.38701
1.28821
