3.01393
2.88567
2.62017
2.53007
3.15868
3.09562
2.81128
3.03585
2.7947
2.57159
2.9114
2.9685
2.8754
2.72799
2.60922
3.1058
2.83542
2.40998
2.83398
2.60925
2.7977
2.92137
2.19947
2.7702
3.21625
2.64209
2.89987
2.97372
2.69352
2.89959
2.54978
2.81756
2.88132
2.89123
2.72077
2.94536
2.93881
2.73814
2.81881
3.1332
3.16131
2.46765
3.38153
2.81555
2.55649
3.07077
2.93423
3.14148
3.31207
3.01342
3.09247
2.70749
3.01064
2.77538
3.14361
3.08395
3.07895
2.67082
3.03946
2.79332
2.95226
3.30092
2.55009
2.95535
3.15104
2.9051
2.52149
2.89436
3.02234
2.73265
2.81099
2.77953
2.47477
2.61007
3.09248
3.0078
2.65682
2.60838
3.14207
3.10087
2.79358
3.08166
3.15724
2.65789
2.77759
3.03368
2.91286
2.69882
3.30122
2.80382
3.12526
2.49431
2.84299
2.64133
2.99504
2.44014
2.76887
2.86743
2.73107
3.09166
3.11029
2.66326
2.87543
3.25909
2.83267
2.93282
2.72758
2.92756
2.96542
3.22984
2.76645
2.43852
2.81629
2.72249
3.00762
2.65338
2.62977
2.59612
3.07063
2.91248
2.78068
2.90211
2.91799
2.7546
2.62243
2.81245
2.9623
3.13458
2.49939
2.90564
2.91901
2.67438
2.36867
2.80532
2.85583
2.28677
2.97555
2.61662
2.77476
2.65789
3.15557
3.0311
2.72132
3.30649
2.98098
2.80329
2.90973
2.63058
3.21779
2.73373
2.76096
2.27979
2.99119
2.7277
2.91068
2.65136
3.08156
2.82545
2.80466
2.53683
2.82748
2.72083
2.8278
3.04962
2.47113
2.74109
2.48017
2.7151
3.25395
2.85019
2.85389
2.58814
2.79152
2.87301
2.93994
3.00113
3.37437
2.68887
2.64892
2.79264
3.10589
2.75884
2.6445
2.70454
2.71666
2.76327
2.84389
3.01092
2.60381
2.64943
2.82281
2.48401
3.08917
2.93114
2.74014
2.91394
2.74672
3.01962
2.85785
3.31023
2.75081
3.01028
3.23468
3.07791
2.97926
2.916
2.34813
2.95848
2.9554
2.32139
2.97481
2.76933
2.44998
2.9159
2.7596
3.19883
2.65003
2.85269
2.98221
2.9745
2.9311
3.28764
2.87589
2.74167
3.02869
3.23427
3.16633
2.87019
2.62921
2.8802
3.13664
2.67679
3.00173
3.06692
2.96484
2.60733
3.18889
3.04008
2.84036
3.14297
2.60075
2.91253
2.56064
2.95441
3.03765
3.0553
2.93193
3.04508
2.57298
3.16321
3.24207
3.04683
2.56158
3.18971
2.75876
2.74615
3.02935
3.10774
3.01533
3.12427
2.6871
2.92299
2.77073
2.72915
2.25657
2.73352
2.79824
2.66966
2.79039
3.20154
2.80183
2.71524
2.93535
2.69716
3.2759
3.10323
2.77006
2.82012
2.75263
2.70237
3.20066
2.4654
2.90573
3.12929
3.07656
2.85065
2.89615
2.86208
3.24557
2.79827
3.00911
3.18067
2.77139
3.04591
2.55115
3.17395
2.81491
2.82501
2.96071
3.01417
2.66431
3.02601
2.68364
2.78556
2.84121
2.67428
3.00493
3.14354
2.73675
2.67825
2.73122
3.31046
2.8714
2.82691
2.81249
3.35658
2.31988
2.69034
2.8376
2.97505
2.95678
3.06935
2.72644
2.53003
3.00078
2.54179
3.24654
2.8943
3.24371
2.85671
2.65973
2.81028
2.48411
2.99438
2.64377
2.63365
3.04586
3.02687
2.80611
3.11883
3.14768
3.15679
2.73631
2.55031
3.06104
3.30777
2.77767
2.66166
2.93307
2.89056
2.73219
2.8991
2.84009
3.32263
2.81785
2.94777
2.79477
3.01509
2.93493
2.84195
2.80649
2.45634
2.79029
2.96548
3.04429
2.93506
2.97575
2.61755
2.99809
2.92777
2.97421
2.71806
2.47219
2.99989
2.6925
2.7387
2.73876
2.65649
2.95703
3.0356
2.76549
2.81896
2.87526
2.70128
2.90675
2.9218
2.85497
2.74573
2.89209
2.8639
3.20501
2.59836
2.8887
2.77363
2.64121
2.73157
2.54273
2.78659
2.67874
2.49598
2.23539
2.56188
3.1897
2.44577
2.95712
2.65467
2.88968
2.89547
2.79224
2.8581
3.13842
2.48694
2.73836
2.53177
2.93717
2.53569
2.50864
2.61633
2.71635
2.37338
2.8173
2.77218
2.72463
2.73506
2.7004
2.59256
3.02218
2.87139
2.85052
2.70803
2.60742
3.05595
2.69947
2.67852
2.73915
2.28868
2.85504
3.00999
2.52319
2.3819
2.83048
2.67566
2.8856
2.7511
2.5941
2.62318
2.74257
3.04105
3.03154
2.61142
2.9149
2.76255
2.67075
2.47794
2.72822
2.51557
2.9867
2.58736
2.61283
2.6844
2.49382
2.89683
2.7601
2.19243
2.62217
2.21537
2.53651
2.80211
2.66523
2.57578
2.49245
2.7911
2.45248
2.62234
2.84337
2.60312
2.64909
2.38986
2.81023
2.27974
2.75226
2.67565
2.66259
2.76229
2.28513
3.12981
2.99499
3.28319
2.56971
2.69344
3.26167
3.43571
2.98795
2.88416
3.44874
2.78697
2.98981
3.23934
2.70742
3.05238
3.43352
2.64386
2.95303
2.77182
3.07
3.02267
2.85608
3.34789
3.03495
2.9573
3.34432
3.2757
3.18668
2.70336
3.09078
2.98048
3.15754
2.90247
3.07443
3.38408
3.05293
3.20927
3.34739
2.90723
2.8218
3.15818
3.0663
3.1429
3.40365
3.29108
2.85245
2.58309
3.10947
3.19036
3.13803
3.39739
3.07138
3.32894
3.24254
3.32974
3.11812
3.52638
2.98166
2.59774
3.13148
3.34343
3.22241
3.38682
3.08254
3.17151
2.72117
2.70279
3.0101
3.13579
3.31417
2.9072
3.47253
2.8881
3.43781
3.14259
2.64506
3.3132
2.93516
3.06853
3.29303
3.03516
3.11747
2.57295
3.1875
3.23625
2.74583
3.28539
3.12047
3.27373
3.18502
3.19903
3.05404
2.82151
2.96872
3.16325
2.9947
2.89375
2.68422
3.05582
2.75068
2.82507
2.94789
2.84766
2.98661
2.75384
2.95553
3.18671
2.48568
3.33218
2.832
2.90936
2.51298
2.87032
2.91277
3.07853
3.1089
3.14274
2.74212
3.18501
3.62412
3.21716
3.06862
3.01938
3.09358
3.46877
3.20177
2.97814
2.88634
2.73201
3.0496
2.87858
3.11675
2.93452
3.01738
3.08046
2.91637
2.80267
2.64758
3.21517
2.9408
3.24209
3.143
2.93762
2.83442
3.04257
2.74311
3.12551
3.12916
3.14976
3.17644
3.68023
2.90731
2.95545
3.20982
2.90302
2.97791
3.15896
2.85927
3.24785
3.25876
2.90692
2.87281
3.05602
3.31466
3.6374
2.6614
2.71043
2.79114
2.83553
2.97402
2.93283
2.96275
2.9081
3.0345
2.74505
2.74399
2.99202
2.92192
3.30682
2.74725
2.98477
3.11907
2.9595
3.12602
2.83198
2.57017
2.69291
2.74806
2.61838
2.69948
3.16951
3.00618
3.03085
2.64778
2.8638
2.94252
3.39352
2.45044
2.87514
2.97605
2.99228
3.17205
2.86888
2.80608
3.00158
3.03144
2.84495
3.24713
3.04205
2.97433
3.02313
3.13469
3.31118
2.72809
3.05084
3.23992
2.76699
3.0914
3.27072
2.72596
3.03486
3.0787
3.20142
3.13429
2.49166
3.01907
2.81763
3.05981
3.01624
3.15038
2.96885
2.75554
2.80546
3.0915
3.25176
2.87569
2.8542
2.83372
2.92787
3.09446
2.73712
3.42055
3.091
2.37882
2.92939
3.09984
2.80013
2.93801
3.28322
2.7762
3.1272
2.70625
2.60563
3.02612
3.33961
2.45839
2.60206
3.11436
3.00725
3.198
2.67799
2.7817
3.14829
2.77098
3.03485
2.93358
2.59957
3.11488
3.25259
2.59635
2.72004
2.99825
2.71333
3.08812
3.02757
3.09981
2.99486
2.61603
3.08204
2.58896
2.68064
3.05308
2.95088
2.7303
2.5781
2.66066
2.61549
2.87498
2.59791
2.99097
3.0045
3.09121
3.07375
2.96536
2.86054
2.76972
2.95394
2.3346
3.25733
3.19138
2.69487
2.88409
2.7718
2.94137
2.89978
2.73088
2.92125
2.87357
2.9439
2.1915
2.70391
3.14567
2.80135
2.61649
3.05941
2.77389
3.20833
2.46453
2.66039
2.59514
2.88754
3.02582
2.74388
2.83529
2.96974
2.77931
2.66476
2.78867
2.80363
2.81436
2.81248
2.96191
2.70949
2.83413
2.89317
2.87486
2.90667
2.70035
3.15584
3.11262
2.75947
3.09313
2.68359
2.98964
2.70872
2.90482
2.78737
2.94927
3.15185
2.85882
2.65689
2.99155
2.84909
2.86208
2.8134
3.14579
2.83865
2.68211
3.35866
2.82264
3.01328
2.90398
2.89589
2.46212
2.66506
2.99589
2.79748
2.73922
2.70476
3.01928
2.62373
2.89562
3.10306
2.82952
2.71974
3.03395
2.93895
2.82878
2.56886
3.04005
2.91093
2.66124
2.97046
2.81255
2.59796
2.85934
2.78297
2.8864
2.92773
3.02338
2.59195
2.86547
2.91978
2.85058
2.67699
2.9201
2.83228
2.86776
3.19425
2.75502
2.7273
3.14161
2.90316
3.21154
3.02863
2.3453
3.02155
2.60997
2.746
2.66815
2.69737
3.14571
2.87454
2.88546
2.83574
2.65811
2.95919
2.98584
2.89914
3.09987
2.70523
2.61073
3.2307
3.26286
2.8344
2.98792
3.22505
2.86454
2.82725
2.8154
2.62518
3.00473
2.96607
2.77373
2.98014
2.87332
2.59715
2.93074
2.7577
3.13755
3.13476
2.63426
2.88532
2.9844
2.79705
2.83538
2.44382
2.69363
2.62869
2.99309
2.88649
2.92548
2.88738
2.62954
2.71601
2.87632
3.01544
2.86891
2.72887
2.59415
2.88454
2.8701
2.76189
2.40438
2.95362
2.72449
2.81928
2.58584
2.6235
2.72362
3.08857
2.68638
2.72791
2.72546
2.7415
2.94625
2.24894
2.86901
3.03075
2.51318
2.70048
2.87781
2.71757
2.6292
2.62344
3.18721
2.98504
3.0573
2.65862
2.87908
2.93472
2.71468
2.6965
2.74386
2.87055
2.56256
2.91723
2.64338
3.08249
2.46309
2.6316
2.67811
3.05107
2.83717
2.90059
2.95178
2.5708
2.8326
3.30155
3.24311
2.82402
3.08947
2.92434
2.57481
2.94973
3.01717
2.90286
3.24254
2.75605
2.63661
3.08025
2.50942
2.86344
2.93455
3.12468
2.57321
2.85122
2.805
2.94784
2.91973
2.60391
2.80865
2.90227
2.72487
2.71333
3.00967
2.54206
2.70042
3.04961
2.94495
2.86007
2.82378
2.6707
2.96211
2.92879
2.71722
2.68275
2.79391
2.67509
2.83171
2.76784
2.89454
2.73951
2.8972
2.45244
2.96596
2.86354
2.71815
2.8359
2.58494
2.98458
2.48906
2.90908
2.87021
2.59944
3.02367
3.11715
2.70381
2.94399
2.92283
2.4724
2.74414
2.86662
2.96077
2.38326
3.02183
2.72723
2.5737
2.7818
3.17962
3.50678
3.08906
2.88203
2.94249
2.88642
2.80644
2.78253
2.40623
2.72132
3.05921
2.84218
2.34235
2.50094
3.27402
3.16025
3.18473
3.12827
2.82952
2.94404
3.10964
3.00292
2.81961
3.30994
3.12067
2.64903
2.82101
2.85561
2.63738
3.25333
2.84422
2.76032
2.86897
2.74712
3.04239
2.95791
3.30533
2.97746
3.28085
2.9445
2.96297
2.64438
2.70243
2.99365
2.58344
2.48752
2.72487
3.03191
2.68202
2.79139
2.88853
2.97932
3.06994
3.07789
3.12767
2.64779
2.36166
2.82442
2.98235
2.99178
2.55823
2.95741
3.28103
2.73679
2.96902
2.92162
3.08769
3.03377
2.99133
2.9811
3.14099
2.76185
2.85343
3.00287
3.0237
3.11553
3.05851
2.98914
2.70018
2.96808
3.0426
3.24053
2.94481
3.24943
2.7934
2.47264
2.91296
2.77421
2.89685
3.0349
2.96598
2.93161
2.94126
2.7682
2.79599
2.7583
3.06678
2.9488
2.97544
2.83328
3.29161
3.32184
3.08493
2.98062
3.01103
3.00705
3.01714
3.27433
3.32497
2.77118
3.18837
2.96213
2.63609
3.1418
2.79189
2.66484
2.60675
3.00649
2.84097
3.23862
3.1096
3.04119
3.18393
3.08165
2.85708
3.04494
3.30471
2.93705
2.94806
2.93922
2.691
2.78799
2.39325
3.14365
3.2153
3.17736
3.08727
2.91975
2.60234
3.25567
2.7019
2.96122
2.95209
2.6978
3.01847
2.55698
2.85284
2.63348
3.0021
2.51077
3.01493
2.83762
2.61457
2.72559
2.69674
2.89716
2.67454
3.10254
2.63571
3.28178
2.96548
2.98691
3.08589
3.24748
2.55537
2.84634
2.85943
2.37117
2.91437
2.84335
2.62527
2.37014
2.90807
2.9531
3.08836
2.67781
2.65582
2.87363
2.96822
2.48733
2.54393
2.47923
3.24884
2.49764
2.47931
2.67821
2.52283
3.16506
2.77412
2.94363
2.81755
2.80274
2.54109
2.72588
2.73123
2.55306
2.74082
2.70985
3.18128
2.84154
3.02046
2.25664
3.34091
2.60598
2.72766
2.99297
2.96614
2.81423
2.83203
3.08022
2.5679
2.4978
2.81747
2.51378
2.87656
3.01209
2.8395
2.65026
2.72396
2.73177
2.5718
2.62918
3.14909
2.69676
2.5634
2.35606
2.86695
3.19323
2.63333
2.46757
2.73585
2.65145
2.63183
2.73046
2.28794
2.56487
2.22986
2.93795
2.755
2.89836
2.4268
2.70574
2.68836
2.42075
2.80006
2.40141
2.62716
2.38451
2.52184
2.91163
2.3771
2.69385
2.5911
2.94934
2.62076
2.71846
2.54408
2.71046
2.75889
2.60434
2.70371
2.94432
2.44795
2.6835
2.67843
2.83964
2.70928
2.45176
2.70845
2.86421
2.58978
2.84182
3.0371
2.37305
2.40868
2.93276
2.80503
2.75523
2.89628
2.79444
2.48586
2.55577
2.75713
2.84731
2.79709
2.57623
2.24473
3.07837
2.46933
2.55445
2.43838
2.71808
2.5062
2.53475
2.54147
2.87857
2.54225
2.64858
2.87503
2.74252
2.63556
2.72841
2.50357
2.47879
2.55628
2.99541
2.63119
2.80362
2.68517
2.442
2.79668
2.94574
2.85124
2.44059
2.72558
2.45354
2.89364
2.69082
2.32834
2.97197
2.41269
3.03586
2.79987
2.63987
2.84415
2.89418
2.69347
2.8008
2.52416
2.86373
2.89246
2.8812
2.58756
2.7236
2.50738
2.60514
2.66154
2.59438
2.94602
2.73722
2.80739
2.67608
2.96473
2.8777
2.57301
2.95952
2.89275
2.78606
2.82301
2.381
3.01606
2.91362
2.76755
2.77347
2.22955
3.14022
2.74368
2.74936
2.72108
3.03929
2.69998
2.64193
2.61678
2.75006
2.6511
2.77408
2.9513
2.62002
2.85299
2.68575
2.58612
2.76529
2.72664
2.59066
2.42246
2.65732
3.03615
2.71115
2.42108
2.73403
2.78893
2.57232
2.68219
2.64494
2.6891
2.40321
2.86147
2.74273
2.91294
2.89958
2.98916
2.8122
2.54789
2.88807
2.79852
2.59612
2.83737
3.10046
2.85524
2.61571
3.07438
2.74359
2.81922
2.9329
3.3807
2.67194
2.747
2.90076
2.84458
2.77949
2.55513
2.9611
3.07777
3.17627
3.23574
3.1366
2.81855
2.54698
2.93254
3.28491
2.77815
3.09096
2.76273
2.71156
3.03394
3.10564
2.87775
3.04508
2.64399
3.04452
3.00698
2.83261
3.03955
2.6788
2.90004
3.01116
2.65424
2.91456
3.01648
2.73092
2.91017
3.18661
2.8649
2.78644
2.5912
2.93863
2.69786
2.73488
2.9269
2.95382
2.79847
3.04965
2.88676
2.81512
2.7362
2.14809
2.72918
2.99515
3.40653
2.67367
2.81694
2.88437
2.76437
2.80071
2.72999
2.9556
2.53675
2.73761
3.17293
2.88615
2.69516
3.10544
3.14083
3.0361
2.67228
2.95306
2.81938
2.65053
2.74955
3.01974
2.81784
2.98715
3.11526
3.04032
2.91614
2.66992
3.12537
2.3266
2.84241
2.49541
2.48146
2.88291
2.6967
3.0504
3.16022
3.09265
3.02589
3.10836
2.86237
2.95106
2.67139
2.88312
3.05
2.85911
2.71106
2.99061
2.59675
2.93475
3.47397
2.85055
3.18217
2.6883
2.99031
3.04867
2.85004
3.12067
3.00296
2.69138
3.24347
2.60344
2.62475
3.08404
2.82393
2.75147
3.33286
2.54084
3.15557
2.81565
2.74012
3.11662
2.90249
3.52204
2.87161
3.00294
2.66562
2.81051
2.9141
3.14673
2.72214
2.24412
2.89278
3.11626
3.14246
3.12517
2.95607
3.36075
2.81141
2.84842
2.95099
2.73137
2.96964
2.84795
3.11517
2.75972
3.31786
2.99512
3.0109
3.10694
2.76939
3.31988
3.07135
3.19422
2.76239
2.71448
2.89529
2.83813
2.6625
2.27553
2.60855
2.48466
2.82311
2.68413
2.89683
2.62518
2.67438
2.72749
2.62946
2.8454
2.65911
2.70505
2.59271
2.90257
2.53577
2.59246
2.7157
2.80467
2.66773
2.5878
2.96999
2.40809
2.5659
2.62742
2.38533
2.7076
2.64273
2.70388
2.61384
2.87955
2.63664
2.70596
2.47789
2.72367
2.97742
2.93739
2.36334
2.96039
2.47028
2.62291
2.59957
2.59326
2.54324
2.4355
2.48623
2.80829
2.48034
2.77465
2.07069
2.92575
2.63107
2.17152
2.8028
2.91802
2.6367
2.19935
2.4239
2.59202
3.06434
2.86287
2.46092
2.99454
2.62736
2.58976
2.76272
2.37725
2.9008
2.82864
2.35683
2.70802
2.40934
2.63904
2.54667
2.66672
2.36904
2.68139
2.3056
2.75104
2.85725
3.38032
2.26073
2.73423
2.80427
2.71307
2.74308
2.88315
2.9232
2.96932
2.73322
2.76588
2.70826
2.8316
2.82315
2.5837
2.97281
2.59144
2.67244
3.04067
3.05732
2.83701
2.49303
2.76845
2.89859
3.12554
3.18115
2.91411
3.21328
3.30475
3.04722
2.66718
2.52347
2.83595
2.91455
3.45806
3.15346
2.47115
2.95387
3.29547
2.90275
3.05892
2.71705
2.93743
2.6554
2.7654
3.13999
2.71457
3.41212
2.80294
2.90863
2.5728
2.54686
3.13702
2.82208
2.89165
2.85862
2.96073
3.22768
3.16389
2.9659
2.51572
2.82941
2.64411
3.02621
3.34677
2.95284
2.61944
2.90923
3.26309
2.7888
2.38638
2.90263
2.60947
2.89191
2.84093
2.79395
2.51417
2.79425
2.97371
3.19082
2.99876
2.75666
2.57981
3.10052
2.65697
2.80287
2.91
2.70299
2.46226
3.04919
2.70884
2.88035
2.72185
2.71787
3.00067
2.92508
2.7258
2.72873
2.8347
2.65641
2.64288
2.7974
2.69227
2.75156
2.82043
2.70611
2.97477
2.75481
2.88806
2.95953
2.83016
2.88383
2.61642
2.85783
2.64617
2.87344
2.47145
2.99474
2.88356
3.08037
2.94695
3.15977
2.88737
2.94588
2.75798
2.6059
2.87513
2.8325
2.73205
2.95232
3.05742
2.51174
2.46256
2.95214
3.26659
2.97018
2.56569
3.05585
2.57422
2.72701
2.79465
2.96986
2.7232
2.8695
2.68711
2.6988
2.59081
2.64982
2.67582
3.02728
2.50789
2.95932
2.95357
3.17372
2.99597
2.64053
2.68443
2.32335
3.04829
2.76282
2.92384
2.90183
3.45438
2.97772
3.58735
3.39679
2.90393
2.75322
3.02365
2.78044
3.23576
3.22176
2.7531
3.03014
3.30616
3.046
2.80366
3.35315
3.35307
3.33142
2.93574
3.03449
2.71491
3.02189
3.02592
2.84791
2.70479
2.93122
2.63028
3.21699
2.65543
2.96671
3.25592
3.53573
2.82616
3.16288
3.18345
2.70427
3.36516
3.02543
2.89047
2.72829
2.93616
3.13924
2.71614
3.00063
2.58286
3.55254
3.18714
2.60451
3.15367
2.96197
2.92191
3.11322
3.0255
3.02119
3.16157
3.39263
2.96345
3.37588
3.19867
2.44528
3.00639
2.79097
2.81486
3.06762
2.38969
3.27771
2.86779
2.94809
3.00141
3.41947
2.98981
2.85406
2.72255
3.0509
2.83219
2.7273
2.74952
2.82639
2.55295
3.26538
3.18736
2.98737
2.85127
2.93681
2.80026
2.83936
2.79644
2.66858
2.80775
2.71473
2.97872
2.88242
2.28067
2.8825
3.1704
2.70744
3.04637
2.65277
2.9974
2.95965
3.34218
2.83315
2.43842
2.50514
3.12701
2.87065
3.09726
3.37082
3.04219
3.05636
3.29684
2.979
3.0707
2.87966
2.74001
2.76135
2.46865
3.07821
3.14923
3.17651
2.80917
2.55466
2.6405
2.84088
2.76842
3.05425
3.15493
2.93583
3.00711
2.84395
2.96161
3.27915
2.54508
2.75657
2.81374
2.69004
3.11627
3.16539
2.77327
2.65967
3.15737
2.98679
2.65138
3.13994
2.84563
3.16092
2.79662
3.06769
2.83941
2.76426
3.05465
3.06594
3.01198
2.90051
2.80703
3.146
2.65712
3.04317
2.88955
3.19592
3.05478
2.71406
2.87643
2.85737
2.94237
2.83465
2.91236
3.09218
2.94758
2.89458
3.37137
2.90588
2.65906
3.02656
3.23544
3.14772
2.65828
2.71164
2.97638
2.53029
2.87531
2.35687
3.07789
2.75058
2.89862
2.85054
2.85985
2.87161
2.70581
2.80016
2.94083
2.94387
3.26878
2.95457
2.58005
2.93593
2.66964
2.92661
2.87042
2.70365
2.29894
2.77359
3.04572
3.07594
3.0123
2.78362
2.75535
3.12014
2.6633
2.91952
2.8377
2.85779
2.76321
2.8921
3.11511
3.13032
3.103
2.51902
3.07214
2.69046
3.10523
2.49058
2.35217
2.99354
2.89654
2.6408
2.82785
2.73054
2.65906
2.65251
2.93896
2.82353
2.69535
2.97245
2.91956
3.09115
2.85432
2.67385
2.76592
3.09062
3.06306
3.06459
3.0019
2.72605
2.84886
3.26325
3.1743
2.89253
2.95798
2.9059
2.77378
2.98631
3.0307
2.99239
2.95505
3.13021
2.90501
2.71356
3.28614
3.11507
3.12227
3.52264
2.98237
2.85605
3.17329
3.12049
2.52124
2.95429
2.98343
2.84465
2.78323
3.12877
2.82881
3.20251
2.84267
2.81726
2.58955
3.01229
2.7321
3.05858
3.16707
2.92138
3.06551
2.76819
3.13082
2.88569
2.59283
3.14217
2.56407
2.47126
2.54916
3.08546
3.03968
2.81871
2.8565
2.58443
3.1774
3.12928
3.04775
2.30595
2.77641
2.81504
3.37417
2.76625
2.99871
3.52901
3.0418
3.22772
3.21906
3.00238
3.01187
2.72596
3.00123
3.04427
2.84226
2.96512
3.14463
2.80831
3.04151
3.20278
3.17202
3.27901
3.00333
3.09465
3.08719
2.91387
2.55993
3.04445
2.30132
3.09827
2.76825
2.69423
3.11005
2.61046
2.97283
3.06313
2.93959
2.78943
2.9523
2.82839
2.84711
2.79053
3.47737
2.9611
2.9239
2.89242
2.59192
3.28084
2.86858
2.64574
2.51929
2.96306
2.65336
3.33494
3.12155
2.93999
3.09554
2.86106
2.85664
3.15688
3.12861
3.04747
2.86172
2.73673
2.88989
2.97489
2.7658
2.92774
2.88268
2.44401
2.98782
2.96315
3.0604
2.84283
2.55593
3.12182
2.89843
3.02902
2.9014
3.26152
2.95044
2.71829
2.68657
3.12792
2.71852
3.41554
3.13104
3.15578
2.80997
2.81473
3.06251
2.88521
3.33897
3.06651
2.73287
3.13943
3.10745
2.72834
3.10066
3.19965
2.9582
3.19535
3.10306
2.62247
3.31802
3.17054
2.83923
3.093
3.14237
2.32086
3.0239
3.13036
3.34322
3.01756
3.32537
3.1863
2.8104
2.58752
2.76063
2.71993
2.75094
3.03242
2.63627
2.70966
2.78928
2.78726
3.13835
2.89403
3.17412
3.17332
2.63984
3.27965
2.71032
2.55807
3.07563
2.71695
2.99682
3.01333
3.23744
3.23805
3.00637
2.80832
2.93113
2.74323
3.08463
2.8423
2.95699
2.87148
2.81513
3.26469
3.17443
2.89456
2.96546
2.72357
2.76159
2.8309
2.84418
3.139
2.66958
2.72275
2.54771
2.71425
2.59666
2.68723
3.01687
2.8862
3.01288
2.80418
2.83999
2.53854
3.07316
2.51246
2.84685
2.5405
2.86224
2.53672
2.8132
3.0604
3.02172
2.80637
3.19304
3.1479
2.874
2.62928
2.60511
2.68393
2.77223
2.68842
2.787
3.02514
2.71337
2.73258
3.05239
2.66497
2.69716
2.87005
3.02712
2.92613
3.04591
3.06953
2.79524
3.00024
2.86834
2.83376
2.94416
2.71914
2.90923
2.69339
2.30293
3.00515
2.83217
2.78246
2.74758
3.1228
2.58645
3.02588
2.90686
2.96439
2.4859
2.54888
2.67753
2.91233
2.89546
3.00907
2.93897
2.80653
2.46546
2.75135
3.11445
3.11795
3.01694
2.98393
3.08366
2.95965
3.00647
2.75739
3.00984
3.01518
2.88029
3.06382
2.98845
2.80629
2.90971
3.33471
3.09045
2.69658
2.78772
3.21804
2.70704
2.73935
2.96697
3.27692
2.76283
2.93071
2.93825
3.08054
2.69545
3.05621
3.37237
2.70873
3.07237
2.89652
3.00651
2.96429
2.73867
3.13574
2.55391
2.9559
2.81801
2.73195
2.84955
3.21658
3.24736
2.90485
2.91159
2.55234
2.93794
2.86002
2.72066
2.91454
2.99671
3.15855
3.11608
2.78773
2.63757
2.652
2.78333
2.91898
2.8306
2.98926
3.02104
2.7715
2.88944
3.11309
3.3595
3.21903
2.68004
3.04043
3.05338
2.98642
3.11087
3.17739
2.92487
3.24809
3.18179
3.1049
3.08574
3.11246
3.1037
2.86084
2.89946
3.08172
3.26145
3.12965
2.98541
3.04989
2.66902
3.27129
3.11202
3.11296
2.96658
3.29807
3.1823
3.05153
2.96033
3.09545
2.49732
3.24866
2.44893
3.03846
3.00622
2.80121
3.02717
2.81201
2.73075
3.1423
2.94724
2.90273
2.98595
2.74419
2.8067
3.0811
3.26937
3.39749
3.11391
2.88884
2.98706
3.07141
3.12969
3.0849
3.09015
3.38749
3.0539
3.35028
2.8181
2.89433
3.07313
2.75913
3.33652
3.06622
2.93755
2.8886
2.91456
2.93846
3.03576
2.74422
2.93692
2.70527
2.98806
2.91912
2.91038
2.90049
2.95683
2.87189
2.46157
2.7849
2.6187
2.86004
2.41337
2.72772
3.06885
2.86629
2.71611
2.80968
2.81686
3.05172
3.0299
3.03976
3.0768
2.68405
3.13119
3.03814
2.9922
3.09366
3.18384
2.7012
2.92595
2.73917
3.09498
3.19236
3.09062
2.84362
3.26171
2.86202
2.93462
2.84848
2.57307
3.14927
2.84435
2.82287
3.10116
2.77137
2.97869
2.92413
2.69927
2.56367
2.99672
2.92264
2.35266
2.79167
2.8635
2.75549
2.89469
2.68165
2.80773
2.91201
2.93684
2.87858
2.68422
2.61114
2.57748
2.75652
2.85342
2.83598
2.52061
2.87798
3.25437
2.6492
2.76033
2.63711
3.31948
2.90832
3.0009
3.08563
3.02352
3.11527
2.77844
2.98231
3.17885
2.74702
2.61298
2.66725
3.14025
2.99038
3.15606
3.08307
3.18004
2.87511
2.9724
3.211
2.86569
3.29945
3.05767
2.84663
2.90417
3.0163
2.47214
2.88258
2.77641
2.64023
3.26797
2.89548
3.0048
2.67335
2.48189
3.05982
3.02344
2.80631
3.35384
2.80237
2.84669
2.93097
2.82778
3.00234
2.39981
3.19172
2.65206
2.84727
3.52329
2.93485
3.21547
2.84638
2.6737
2.76641
3.13349
2.62756
2.63419
3.11448
2.77078
2.37909
2.91678
2.50093
2.87358
2.79288
2.99443
2.79495
2.94657
3.03721
2.76144
2.88626
3.01702
2.94548
2.83276
2.49928
3.07207
3.00254
3.05258
2.64059
2.84134
2.87671
2.83929
3.13725
3.24728
3.00138
3.01311
3.18982
2.91086
3.06203
3.19502
3.04247
3.1015
2.79578
2.62925
2.9302
3.35083
2.62697
2.54474
2.69804
2.89824
3.02198
2.91296
2.80523
2.88132
2.72825
3.1589
3.32374
2.848
2.75557
3.05264
2.96701
2.68054
3.05264
2.65982
2.86537
2.97192
2.98124
3.25249
2.57343
3.24852
2.55982
3.02972
3.47381
2.72221
2.78678
3.0527
2.63199
3.03984
2.56393
3.06512
2.63718
3.04066
2.50552
2.65237
2.96815
3.11669
2.91239
2.68423
2.85991
2.79598
2.91187
2.53553
2.59565
2.69579
2.99161
2.61166
2.62166
2.60327
2.90659
2.99085
2.6672
3.02852
3.00885
2.8414
2.77064
3.11879
2.96358
2.78594
2.77824
2.5944
2.71157
2.98076
2.6426
2.59125
2.78514
2.73683
2.96237
2.86873
2.58857
2.83916
2.76244
3.15525
3.08788
3.23628
2.90267
2.70255
2.46575
2.77405
2.45407
2.47552
2.58988
2.69331
2.65608
2.79045
2.80226
3.2084
2.52086
2.64264
3.30829
2.63173
3.00957
2.72288
2.59214
2.56955
2.79091
2.71787
2.77764
2.81912
2.80293
2.74994
2.95829
2.76612
2.63133
2.71437
2.61273
2.6785
2.69034
2.76648
2.63862
2.75091
2.89828
2.01578
2.47028
2.95478
2.68697
2.86795
2.74717
2.91627
3.01692
2.31812
2.97346
2.73855
2.63386
3.15634
3.05986
2.70893
2.81125
2.68586
2.6776
2.67532
2.29642
2.9184
2.89978
2.81166
2.59496
2.58577
2.2989
2.95761
2.72069
2.37993
2.9149
2.43499
2.60177
2.76594
2.67925
2.6744
2.60953
3.07767
2.88659
2.41897
2.8704
2.68125
2.65658
2.85776
2.80904
3.04683
2.64115
2.89449
2.81091
2.90186
2.81876
2.92862
2.73346
2.75865
2.33539
3.12924
2.78163
2.73059
3.04191
2.75553
2.47027
2.92058
2.96567
3.09661
2.56033
2.58027
2.7574
3.00296
2.90199
2.89944
2.73308
2.98813
2.69283
2.52279
2.71001
2.80621
2.92734
2.94742
2.83904
2.6715
3.01605
2.42086
2.67199
2.69328
2.69207
3.15428
2.3301
2.55905
2.85617
2.91696
3.15044
3.02081
2.68055
2.56486
3.00543
2.73869
2.30783
2.60925
2.74944
2.69377
2.48829
3.00264
3.23788
2.82941
2.84713
2.43899
2.61396
3.02679
2.59444
2.98768
2.87264
2.70108
2.90284
2.83197
3.10229
2.90316
2.75796
2.87259
3.10222
2.63619
2.67766
3.14752
2.74487
3.13197
2.61074
3.07502
3.10928
2.87999
2.94124
2.91666
2.67925
3.42703
2.98229
2.99054
2.95472
2.79877
2.89432
2.83523
2.81384
2.68271
2.68196
3.05796
3.19288
3.37433
3.18661
2.58513
3.32619
2.94956
3.00794
2.79796
2.85976
3.15323
2.70162
3.18493
2.78761
2.80265
2.6718
3.05991
2.92734
2.72788
2.96779
2.58599
3.04586
2.81472
2.75861
3.1916
2.9852
2.90285
2.88277
2.84347
2.8069
2.98196
2.79272
2.93067
2.78694
3.14938
2.88286
2.97447
3.02791
3.07241
3.11335
2.70727
2.95788
3.21642
2.55782
3.02961
2.95318
2.95607
2.93753
2.95034
2.7339
2.43756
3.03966
3.12318
3.21769
2.97687
2.95765
2.88212
2.43094
2.45808
2.50077
2.66063
2.92271
2.71724
2.44155
3.13423
2.92238
2.65867
2.83516
2.4732
3.10618
2.73234
3.11944
2.76959
2.50548
3.3263
2.57988
3.22823
2.81546
2.72465
2.7271
2.81819
2.98529
2.7446
2.30156
3.11169
2.9689
2.74464
2.69206
3.03786
3.00255
3.16872
2.94809
2.67192
2.7681
2.80485
3.11367
3.08046
3.22303
2.81129
2.79644
3.22392
2.89977
2.87614
3.29457
2.90845
2.89183
3.11777
2.8341
3.18146
2.29551
2.98109
2.7909
2.7628
3.00609
3.12576
2.97728
2.93839
2.82349
3.32621
2.99437
2.54315
2.87564
2.90438
3.11467
2.44661
2.92089
3.07008
2.98541
2.99023
2.83157
2.66179
2.65077
2.77792
3.22337
3.1798
2.77595
3.35391
2.64864
2.88998
2.66973
3.22952
2.98455
3.09288
3.10274
2.83891
2.86287
2.67599
2.92435
2.49466
2.65613
2.6928
2.68901
3.02148
2.87945
2.62449
2.72773
2.71873
2.5854
3.28666
2.74019
2.76751
3.09404
2.82744
2.89343
2.86628
2.6877
2.83394
2.61799
2.86613
2.8009
2.93521
2.89712
2.72286
2.98555
2.75699
2.77689
2.69124
2.75881
3.09427
2.86833
2.89514
2.71003
3.08273
2.89066
2.57126
2.8782
2.63728
2.37032
2.87326
2.67069
2.78481
2.85766
2.80824
2.91492
2.98165
2.87207
3.17537
2.95281
3.20724
2.65103
2.57555
2.83913
2.94504
3.01955
2.70468
2.88632
3.03241
2.58959
2.92994
2.8517
2.70151
2.74075
3.0502
2.78706
2.64637
2.65564
3.08659
2.73896
2.75262
2.9927
2.87122
2.5173
2.97529
2.74888
2.48201
2.89495
2.65629
2.89182
2.91133
2.66685
2.81309
3.00175
2.96568
3.01313
2.77174
2.90547
2.65602
2.94276
2.9323
3.15133
2.7357
2.85277
2.82893
3.03227
3.02344
2.56901
2.48343
2.93954
3.01442
2.87359
3.20277
2.74167
2.85871
2.58442
3.06983
2.90866
2.6447
3.12563
2.67071
2.82914
2.68847
2.67747
2.66424
2.43137
2.97984
3.29406
2.80151
3.17242
2.9654
2.29573
2.80162
3.07483
3.34044
2.64635
2.5382
3.0767
3.11608
3.24101
2.88485
2.91342
2.86758
3.32712
2.97923
2.97391
2.97915
3.07855
2.96336
2.80919
2.89186
3.12228
3.26809
2.84917
2.88956
3.28486
3.06662
3.12436
3.14526
2.91224
3.09909
2.99261
3.02357
3.06485
3.16213
2.93029
2.7104
3.10649
3.15687
2.61288
2.75346
3.14186
3.33466
2.93848
3.11003
2.87155
3.28025
2.7548
3.15286
3.05676
2.47121
3.2271
2.60576
2.54074
2.74067
3.05877
3.18979
2.96578
3.35161
2.96372
3.1399
3.12959
3.30677
3.1274
2.30534
3.13427
3.16124
2.97334
2.58392
3.30618
2.83449
2.97936
3.49112
3.09166
3.30856
2.61874
2.89927
2.97645
3.35318
3.03435
2.88089
2.55049
3.08917
2.60838
3.24407
2.59794
3.18846
3.06184
3.03643
3.1262
2.87415
3.48542
2.90708
2.93775
2.64613
3.00198
3.20101
2.96061
3.25715
3.04819
3.0352
3.15234
3.31647
2.64747
2.80241
2.96005
3.29096
2.64388
2.88729
2.92477
2.89029
3.04277
3.07117
3.17157
2.67859
2.87815
2.33287
2.94519
2.95113
2.91447
2.54834
3.27648
2.79758
3.01049
3.0728
2.65838
2.4579
2.87431
2.92488
3.06381
3.06489
2.90772
2.78244
3.32283
3.31635
2.79289
2.86518
2.62548
3.10754
3.2417
3.06993
2.85987
3.23461
2.65594
2.78853
2.72346
2.99511
3.23121
3.12125
2.72835
3.14947
2.79548
3.38961
3.18828
3.02551
3.26778
3.03578
2.90254
3.03026
2.70488
3.26791
2.71144
2.76975
3.24496
3.10512
3.21959
2.75112
3.42091
3.156
3.01363
2.87554
2.8226
2.79643
2.90368
3.28698
2.3635
2.84547
2.85975
2.79426
3.09629
2.9418
2.66606
2.68286
3.00521
2.9825
2.87665
2.66588
3.06207
2.65222
3.023
2.87538
3.06663
2.62407
2.87688
2.97157
2.81984
2.82939
2.59387
2.69273
2.74239
3.17318
3.19345
3.35953
3.05897
3.1864
2.61075
3.06314
2.89719
2.72496
2.99931
2.98568
2.50252
2.80926
2.44937
2.81089
2.71837
2.74278
2.98724
3.01294
2.48575
2.7174
2.56553
2.61292
2.86295
2.8424
3.05957
2.70725
2.67509
2.99293
2.98083
2.94658
2.66748
2.84726
2.86881
3.06525
2.82092
2.69446
2.87707
2.90032
3.30245
2.83495
2.51885
3.13295
2.79934
2.80271
2.94879
2.97853
2.45303
2.35481
2.68257
3.18834
3.06695
2.7875
3.18185
2.99552
2.64263
2.94109
3.05145
2.54845
2.97427
2.63807
2.68666
3.17407
2.99141
3.07464
2.70268
2.95781
3.20954
2.75681
2.65829
2.93098
2.96555
2.05618
2.9417
2.47851
2.90508
2.89819
3.04431
3.02982
2.60268
2.8353
2.974
2.41618
2.98803
2.7217
2.83072
2.61538
2.72362
2.78091
2.65147
2.86301
2.85352
2.51431
2.77629
2.92455
2.79927
3.22193
3.35853
2.90774
2.36643
3.23056
3.07019
2.78848
3.1771
3.00531
2.85857
2.79043
2.98284
3.37761
2.75971
2.78413
2.19483
3.1224
2.82118
2.7337
2.98961
3.25424
2.63608
2.96623
2.89669
3.02232
3.353
3.07045
2.7605
2.82695
2.7383
2.78442
3.04022
2.92551
2.80608
3.21049
2.78195
2.80907
3.12789
2.89936
3.22954
3.28613
2.92463
3.00546
2.58811
2.66809
2.77251
2.88699
2.89562
2.45078
2.62745
2.92381
3.04204
2.75584
2.91084
3.15769
2.47295
2.68149
2.99911
2.76822
2.86644
2.8161
2.76528
2.79547
2.61503
2.9346
3.01653
2.97639
2.72122
2.67602
2.96991
3.09178
2.67151
2.749
2.78719
2.66203
3.07031
2.78072
2.69231
2.86597
2.53195
2.84375
3.11037
3.02417
2.92379
2.54209
3.0543
2.79799
3.15043
2.71226
2.61188
2.37701
3.03145
3.15509
2.58337
2.41473
2.7256
2.60415
2.80837
2.69226
3.19299
2.90583
2.96776
2.65185
2.87973
3.12557
3.12259
2.80379
3.03305
2.69065
2.76007
2.87621
2.96965
2.7227
3.33787
2.6008
3.10891
2.65415
2.76406
2.559
3.05396
2.79186
3.08969
3.07258
2.7057
2.76851
2.87947
3.09015
2.81694
2.8798
3.27873
2.86693
2.72034
2.59889
2.6268
2.93075
2.2481
2.73072
2.77516
3.03032
2.76402
2.73006
2.48086
2.42348
3.03925
3.0006
2.85126
2.6924
2.64031
2.66281
3.39865
3.01712
2.62796
2.5654
2.43947
2.63638
2.68213
3.06998
2.72531
2.76798
2.63925
2.98275
3.15239
2.6356
3.1154
3.21059
2.56706
2.86129
2.79568
2.77867
3.35265
3.12142
2.81288
2.67315
2.65346
3.18191
3.10046
3.1506
2.54809
2.99832
2.88362
2.62176
2.79345
3.11727
2.84964
2.3015
3.10231
2.96337
2.49563
2.94794
3.03219
2.67785
2.86114
2.57872
2.71451
3.17663
3.17254
2.49095
2.53004
2.86166
2.71114
2.95396
2.50019
2.34836
2.72673
3.05476
2.7847
2.76641
3.25015
2.66233
3.03936
3.22587
2.75905
2.95983
3.04798
2.62438
2.8199
2.50556
2.50917
3.34711
2.89955
2.72571
3.07288
2.6625
2.86354
3.08198
2.88412
2.93366
2.84034
2.85006
2.68749
2.93126
3.00756
2.69656
2.49057
2.33787
2.4843
2.76811
2.57787
2.82906
2.63742
2.77889
2.54447
2.9177
3.02759
2.52409
2.34167
2.78205
2.66572
3.42091
2.94983
3.42496
3.37613
3.08469
2.91663
3.18658
3.4169
3.02654
3.36997
3.03187
2.88718
2.90988
3.05116
3.2242
3.21966
2.90223
2.70333
2.8224
2.7457
2.76441
2.91214
2.92765
2.48518
3.01508
2.80823
3.25461
3.14998
2.77243
3.16574
2.54454
3.11301
3.02882
3.28567
2.74889
2.98706
3.28039
3.02871
2.87511
3.06789
2.9625
3.40266
3.322
3.02508
2.79319
2.83732
3.27215
2.85931
2.76519
2.89085
2.70969
2.86102
2.47685
2.96774
3.05431
2.79965
2.83002
2.87649
2.40002
2.40672
2.79142
2.7045
2.9872
2.67575
2.65947
2.63292
2.45073
2.6798
2.69476
2.69529
2.83419
3.18951
2.84184
3.15312
2.63553
2.80834
2.39909
2.92002
3.10583
2.38937
2.88729
2.82849
2.88374
2.94036
2.56546
2.70494
2.80156
2.34582
2.9537
2.96066
2.79237
2.64644
2.445
2.65075
2.68446
3.20298
2.74367
2.89769
2.99118
2.86012
2.80119
2.42675
2.88833
2.90388
2.88559
3.08375
2.8291
2.83057
2.866
2.90382
2.72121
2.91886
2.59033
3.15287
2.96134
2.80746
2.99405
2.71691
2.93835
3.09524
2.81866
2.43326
2.71254
2.62763
2.5649
2.90142
2.45962
2.85711
3.0554
3.0455
2.81953
2.73625
3.25402
2.5921
2.36736
3.01727
2.9376
3.24633
2.61494
2.84754
3.06317
2.85622
2.93308
2.64117
3.18228
2.76723
2.67149
2.44838
2.79407
2.87513
3.12779
3.00309
2.68049
2.64761
2.42098
2.72013
3.14344
2.89034
2.6967
2.50445
2.71732
2.58941
3.02563
2.73367
2.85441
2.98699
2.67587
2.99816
2.80643
2.70585
2.19795
2.56554
2.83884
2.97251
2.79273
2.64803
2.8603
2.75652
2.8358
2.65514
3.00555
2.97568
2.95093
2.67612
2.55306
3.11674
3.18365
3.16377
2.70295
2.70728
2.91065
3.16335
3.17455
2.71826
3.14702
3.08515
2.76732
2.79245
2.87815
2.59738
3.43391
3.06963
2.50941
2.85253
2.81846
3.35008
2.93393
3.33683
2.59306
3.09749
3.13423
2.63672
3.26649
3.10749
3.16393
2.54067
2.81256
2.76205
2.8343
2.92493
3.00199
2.70882
2.85667
3.10004
2.86266
3.0991
2.49965
2.36148
2.76773
2.88239
2.85087
2.72556
3.16661
2.86291
2.91499
3.3184
2.98407
2.97415
3.26448
2.53893
3.04154
3.09144
3.32618
2.99141
2.9318
3.19293
2.91611
2.95394
3.02895
2.97281
2.76257
3.21392
2.72467
2.9052
2.69827
3.03398
3.22564
2.79836
2.88764
3.16967
3.21481
2.73736
2.76868
2.87056
2.66853
2.87134
2.5812
3.28192
3.08551
3.0408
3.07716
3.01716
2.78279
2.74679
2.90897
3.18475
3.19648
3.24794
2.74663
3.13408
3.40879
3.15014
3.1015
2.87912
2.69896
3.18465
2.68613
2.79053
2.72324
3.08912
2.76145
2.86945
3.23083
3.06606
3.0438
2.7372
2.82237
2.88351
2.92609
3.13509
2.79371
3.13351
3.0354
2.93378
2.84442
2.57489
3.00265
2.84376
2.72424
3.07259
3.00263
3.09724
2.9148
2.74238
2.96527
2.83684
2.92659
2.74442
3.16387
2.91444
2.72061
2.8491
2.90702
2.85855
2.65376
2.40659
3.14288
2.98915
2.68588
2.45096
3.07417
2.96036
2.88647
2.91652
2.89419
2.86096
3.05193
2.80297
3.07648
2.82306
2.35024
2.8811
2.59912
2.83871
3.11758
2.5944
2.86251
2.64981
2.69252
3.08653
3.22108
2.59107
2.77196
2.49745
2.5408
2.85748
2.80074
3.30847
3.02055
2.93651
3.29211
3.03208
2.74769
2.86539
3.05043
2.82284
3.0517
3.10784
2.65564
2.80857
3.06512
3.24317
2.99566
3.00127
2.60387
2.85377
3.02253
2.80866
3.1684
2.95411
2.98702
2.92194
2.89082
2.95046
2.83223
2.69488
2.97826
2.82289
2.99232
2.68486
2.90941
2.85358
2.90332
2.73947
2.87262
2.98753
2.58195
3.01791
3.10129
3.13641
3.33559
2.82748
2.74782
2.68644
2.47832
2.74094
2.92539
2.56897
2.63296
2.76495
3.02977
2.69066
3.10465
2.87263
3.06809
2.85838
2.80507
2.88356
2.53203
3.00769
2.64021
3.03202
3.12334
3.18229
2.97013
2.63568
2.58861
2.73878
2.64185
2.65415
2.8515
2.81426
2.74729
2.86914
2.70943
2.89591
2.67639
2.74091
2.82558
2.57375
2.73735
2.76721
2.39803
3.23194
2.40715
2.82617
2.62767
2.8061
2.51019
2.70911
2.93116
2.5516
3.08221
2.38095
2.9152
2.46244
2.69586
2.53436
2.357
2.46297
2.75962
2.97585
3.00879
3.05544
2.97735
2.73678
2.86769
2.66308
2.67395
2.9656
2.78428
2.93307
2.92693
2.96754
2.69488
3.02445
2.93294
3.26681
2.88079
2.90568
3.04648
2.86632
3.40154
2.79316
2.97768
3.09599
2.93704
3.2714
2.82835
3.05145
2.91525
2.51713
2.97243
3.04937
2.95696
2.98198
2.91114
3.50168
2.98075
3.03364
2.92621
2.8762
2.80781
3.00858
2.60692
3.07148
2.51593
3.07741
3.04541
2.75211
2.92679
3.1253
2.8125
3.1454
3.11626
2.99762
2.89112
2.7327
2.91502
2.53101
3.21062
2.93795
2.66774
3.02449
2.88724
3.13011
3.09034
2.9186
3.13366
2.89065
3.28015
3.2656
2.85135
2.90519
3.19691
3.13634
3.01552
2.84124
2.79993
2.7781
3.174
2.78287
2.88912
2.87818
3.34359
2.61195
2.81301
2.58816
2.87337
2.80211
2.73321
3.04223
2.35147
2.69501
2.83503
2.88999
2.76137
2.7246
2.94078
2.6169
2.88259
3.0436
2.37787
2.68888
2.83002
2.80104
2.80076
2.58925
2.71164
3.03701
2.63102
2.72274
2.48531
2.46094
2.99926
2.4563
2.89389
2.60969
2.53715
2.75347
2.93586
2.99354
3.43039
2.96399
2.67259
2.95978
2.84012
2.99162
2.89639
2.98542
2.77255
2.93625
2.80712
3.04285
3.02624
2.79829
2.5843
2.95736
3.01568
2.83554
2.91988
2.68965
2.68246
2.87958
2.70561
2.94725
3.11933
2.58396
3.44207
3.06143
2.9548
2.69285
2.91122
2.88539
3.08546
2.97046
2.91939
2.50287
3.03432
2.67426
3.04375
3.04067
3.00557
3.1785
2.69161
3.19693
2.75288
3.0326
3.45147
2.98785
2.86587
2.78034
2.96701
3.21735
2.38842
3.1641
2.94835
2.90213
3.20873
3.30046
2.72021
3.03041
3.17479
2.99189
2.87087
2.85487
2.76769
2.91551
2.7098
2.86068
3.00151
2.71753
2.7025
2.40027
2.74529
3.16069
3.17617
2.87942
3.00891
3.01528
2.80531
2.86881
2.69123
2.82846
2.77623
2.54913
2.56821
2.91014
3.04263
2.80003
2.85444
2.58007
2.76743
2.89009
2.8475
2.28601
2.71285
2.53925
2.84631
2.8895
2.29168
3.40349
2.83569
2.30866
2.66398
2.70093
2.85648
3.05867
2.82037
3.07058
3.15748
3.26824
2.64572
3.08726
2.87888
2.87508
3.15246
2.80075
2.99366
3.12372
2.5376
2.97034
2.56025
3.1776
2.51615
3.24636
2.74164
3.01494
2.65431
3.02157
2.49883
2.68358
3.04537
2.65816
2.80099
2.2836
3.08381
2.9813
2.86388
3.07106
3.12334
2.96191
2.69261
2.81816
2.67587
2.52055
2.707
2.79343
2.52018
3.38552
2.9543
2.75363
2.87109
2.8272
2.9769
2.81655
2.95285
3.1344
2.63516
2.85948
3.18658
2.32978
2.39659
2.82538
2.76784
2.52061
2.55217
2.89373
2.89989
2.89179
2.87666
2.62236
2.73895
2.42771
2.648
2.77703
2.48864
2.7297
2.98996
2.70567
2.77266
2.75556
2.74041
2.82959
2.91103
2.55176
2.8027
2.43519
2.74931
2.81488
3.18948
3.18805
2.97624
2.98859
2.85267
2.71542
3.24836
3.17956
2.93501
2.82032
2.88303
3.03447
3.1177
3.16822
2.95012
2.92101
3.40688
3.16183
2.62724
3.17014
2.62588
3.17165
2.85755
3.12333
3.0054
3.03757
3.22787
2.91289
2.8882
3.06271
2.34
2.60887
2.99764
3.06766
2.65069
2.91073
2.86431
2.28458
2.6237
2.95877
2.98475
2.66494
3.08741
3.13752
2.76154
2.44661
2.94461
2.89178
2.78041
2.80077
2.63351
2.74021
2.92278
2.98884
2.49278
3.11419
2.90949
2.85619
2.66469
2.61793
3.19597
2.91314
2.7863
3.04062
2.64507
2.91065
2.76217
2.70411
2.81843
2.90822
2.46908
2.97904
2.49671
2.96383
3.00358
2.6619
2.827
2.87245
2.23415
2.89629
2.68089
2.86947
2.96853
3.05868
2.5468
2.96646
2.52865
3.01753
2.5567
2.67238
2.77219
2.62361
2.66626
2.76601
2.94537
2.92998
3.12084
2.69149
2.72106
2.85754
2.98862
2.581
2.72159
2.69861
2.66574
3.27039
3.06076
2.84137
3.31501
2.93645
2.8718
2.92006
2.48
2.89786
2.76085
2.6281
2.71718
2.63807
3.20753
2.90094
2.9863
2.86105
2.83085
2.51081
3.08484
2.93476
2.95912
2.49108
2.85471
2.60317
3.07828
3.19634
3.22277
2.74586
3.01242
2.60761
2.78405
2.93609
2.85732
2.74973
3.01836
2.76129
2.87674
2.6871
2.97235
2.40391
2.97967
3.30914
2.88926
2.92191
3.08595
3.34109
3.30801
2.87959
3.36049
2.96347
2.49181
2.93759
2.52851
3.03199
2.75669
2.55348
3.08627
3.20735
2.9251
2.7939
2.94912
2.60607
2.85427
2.89984
3.06097
2.78955
3.10365
3.36415
3.34758
2.83867
2.71304
3.05497
3.06931
3.07122
2.56821
3.33409
3.04258
2.54368
3.08932
2.84932
3.07173
2.65643
3.06086
2.86371
2.972
2.90746
3.28035
2.93397
2.7664
3.02542
3.0758
2.9004
2.90635
3.03816
3.08403
2.85636
2.49126
3.19252
3.04552
2.817
3.37261
2.83681
2.7176
3.17639
2.47999
3.03518
2.63723
2.57126
2.82931
2.98101
2.91559
3.21154
3.12178
2.93418
3.09519
2.90976
3.02028
2.97354
3.14054
2.94938
2.5962
2.81372
2.58728
3.38488
3.03
2.50114
3.07891
2.67464
3.00665
2.56692
2.64798
2.81598
2.35406
2.90627
2.6569
2.95722
3.16973
2.59217
3.19176
2.90066
2.75232
2.93012
2.87378
2.97341
2.91732
2.6626
3.25703
3.15136
2.7922
3.10927
2.66224
3.02501
2.89943
2.48331
2.55039
2.57688
2.5791
2.9125
2.64621
3.07776
2.47663
2.83721
2.94678
2.65145
3.02297
2.61478
2.61118
2.99415
3.08234
2.85136
2.89628
3.15062
2.84556
2.73269
2.93113
2.70452
3.05188
2.67259
2.9493
2.86197
2.51335
2.62453
2.72023
3.17055
3.05213
2.72473
3.30272
2.89105
2.80512
2.94954
2.75013
3.0792
2.82036
2.90403
2.83759
2.68755
2.79121
3.14865
2.78275
3.1229
2.88205
2.76924
3.0313
3.02236
2.79317
3.10441
3.06488
2.44919
2.60449
2.68415
2.79508
2.99124
2.87132
3.12721
2.56395
2.8046
3.0151
2.95051
2.72471
2.36068
2.67331
2.44713
2.91935
2.46985
2.73646
2.8606
2.43595
2.95732
2.87025
2.69149
2.18756
2.37763
2.87478
2.88002
2.82347
2.73925
2.84146
2.952
2.91758
3.20115
3.05809
2.94985
2.59077
2.68364
3.01594
2.73481
2.69262
2.87562
2.81002
3.25258
3.01557
3.10909
3.00201
2.7238
2.92158
2.7736
2.91917
2.80408
3.08884
2.93682
2.54831
2.319
2.82531
2.91701
2.93117
2.80255
3.16264
2.69802
2.76453
2.89144
2.86614
2.87956
2.54676
2.75566
2.54393
2.60988
2.68302
2.79096
2.86876
2.78337
3.04727
2.41965
2.70752
2.79296
3.13241
2.79088
3.00884
2.83104
2.80298
3.41154
2.99993
2.97773
2.8802
2.90348
2.74714
2.83102
2.67949
2.75392
2.75626
