4.11982
4.35424
4.17629
4.08848
3.81009
4.01611
4.44263
4.01476
4.1293
4.05612
4.2217
4.22398
4.50351
4.32901
4.13514
4.14826
4.4289
4.12829
4.32865
4.12403
3.78793
4.19252
4.68006
3.79514
4.09764
3.83793
4.17259
3.89075
4.00255
4.16445
4.3014
4.20408
4.33315
4.05132
4.46687
4.57648
4.34394
4.26424
4.14196
4.51477
3.96576
4.25183
3.86876
3.83314
4.47488
4.16823
4.28617
3.78613
4.36177
4.06146
4.1177
4.53969
4.29115
3.99498
4.38097
3.92147
4.64127
3.91626
4.67826
4.51294
4.38176
4.59482
4.1695
3.70959
4.35739
4.28337
3.85951
4.20201
4.13983
4.47086
3.88518
4.12965
4.16958
3.73095
4.30116
4.26152
4.13866
3.95543
4.26852
3.91469
3.9447
3.94671
4.18823
4.13804
4.18685
4.06927
4.3063
4.29694
4.33313
4.08124
4.09737
3.98186
4.03506
4.34145
3.70004
4.30786
4.35752
4.3143
4.16778
4.08676
3.76982
4.15312
3.81768
3.92781
4.60675
3.91669
4.02933
3.77048
4.03433
4.30079
3.94519
4.5845
3.91136
4.00455
4.62629
4.2635
4.04146
3.93054
3.90477
3.9844
4.07851
3.9784
4.19627
3.93557
3.9144
4.14452
4.0268
4.19415
4.22227
4.22351
4.56288
4.02447
3.66252
4.03762
4.03396
4.02917
3.80593
4.0523
3.83303
4.01863
4.17089
3.58838
4.15536
4.16658
3.94771
3.90415
4.60229
3.58042
4.19671
3.9841
4.16626
4.13346
4.33298
3.63841
4.13515
4.02198
4.22145
4.36586
3.62452
3.95669
4.00442
3.65568
4.16135
4.37129
3.76717
3.86873
3.84796
3.85875
3.84729
3.91833
4.24137
3.73763
4.13506
4.04844
3.81838
3.92911
4.4239
3.95314
3.508
3.97507
4.0495
4.24888
4.13932
4.2012
4.01972
4.31754
4.16008
4.00301
3.91231
3.93709
4.08131
3.61945
4.09671
3.85948
4.01629
3.99683
4.08175
4.33865
3.91829
3.64932
4.12005
4.365
3.56099
4.15485
3.62401
4.57423
3.73234
4.2699
4.20497
4.33188
4.12445
4.21608
4.30281
4.03733
4.278
4.04611
3.94066
3.9001
4.41199
4.08633
4.16924
3.95214
3.93071
3.77834
4.27438
4.22602
4.28292
4.23533
3.90175
3.84409
4.30772
4.33263
4.06314
3.84527
4.10075
4.0781
3.60987
4.14165
4.03027
4.48712
4.30296
3.86114
4.11776
4.36615
4.11368
4.31105
4.18148
3.94886
4.09367
3.83262
3.97549
4.40097
4.23772
4.39679
4.01896
3.68841
3.98664
4.18093
3.91512
4.41288
3.98035
4.13322
4.18003
3.69854
4.07395
3.85008
4.00574
4.49508
3.9169
4.12359
3.94231
4.12426
3.96375
4.39375
4.24918
3.72464
3.89852
3.95374
4.03759
4.26743
4.30606
3.94572
4.29672
3.96977
3.67283
3.65299
4.01883
3.56193
3.71526
4.49131
3.74767
3.9738
4.28892
3.89448
3.84612
3.87946
4.05715
4.44312
3.87158
4.29746
4.30816
4.0684
4.04475
4.03201
4.38276
3.50889
3.93103
4.214
4.15417
3.85009
4.01645
3.8935
3.97695
4.27143
3.90432
4.38816
4.17804
3.65728
4.18327
4.42681
4.12418
4.53081
4.0948
4.49536
3.95404
4.08226
4.25511
4.22029
4.08176
3.57228
4.07368
3.77618
4.32239
4.22897
3.80726
4.3234
3.65322
4.10414
3.86568
4.33019
3.90531
4.32944
4.00986
3.99388
4.20272
4.17418
3.83861
4.10534
4.0119
4.55971
4.11684
4.02918
4.09894
4.03144
3.58269
3.95287
4.02884
3.71176
4.30415
4.05405
3.91222
3.58802
3.89793
3.78118
3.86422
4.45269
4.38843
3.84382
4.23855
4.71751
4.33107
4.11756
3.99111
4.24434
4.29455
4.21293
4.09291
4.21428
4.02294
4.53125
4.15273
4.14677
4.02557
4.2934
4.01769
3.77145
3.84334
4.01329
4.04836
4.29441
3.71801
3.63374
3.804
4.00057
4.02364
3.62997
4.0574
3.90111
4.1222
3.96825
3.93006
3.60673
4.14547
4.25741
3.73762
3.82628
4.00179
4.25805
4.15101
3.97321
3.43764
4.20931
3.56102
3.73478
4.02492
4.41125
4.16595
3.94545
4.35104
3.98504
4.17668
4.26421
3.75042
4.13322
3.94261
4.10298
4.31192
4.15421
3.52978
3.61799
4.16961
4.31688
3.85735
4.18981
3.95127
3.57312
4.04966
4.04607
3.46404
4.10828
4.15163
3.57636
4.03271
3.85497
4.1987
4.30405
3.59079
4.13041
4.16964
3.75672
4.41612
3.86184
4.22166
3.96628
4.02237
3.85808
3.7223
3.59867
4.23992
4.04109
4.23623
4.11069
3.62428
3.8521
3.75683
3.94098
3.48968
3.68936
3.90698
3.68629
4.52384
3.96353
3.91808
3.88903
4.20712
3.7834
4.00092
4.06251
3.76253
3.82899
3.99024
4.12098
4.26532
4.05933
3.95318
3.61954
4.12345
3.66645
3.44476
3.74223
4.26739
3.87149
3.8606
4.06793
3.72761
3.49211
4.16217
4.19452
3.66563
3.77079
3.70342
3.60065
3.97769
3.50159
3.89123
4.30413
3.9953
3.5586
3.64642
4.08659
3.78784
3.80091
3.67986
3.75143
4.21413
3.94737
4.06745
3.70011
3.83394
4.02847
3.49893
3.93473
3.89373
3.61202
3.97288
3.83552
3.64444
3.77852
3.86028
3.79464
4.16176
4.10195
3.56903
3.81797
3.35245
3.54767
4.16227
4.1044
3.9882
3.60675
3.60923
3.70139
4.26369
3.48433
4.45222
3.72377
3.63731
3.85345
3.51165
4.00866
3.76237
3.71035
3.94439
3.46906
3.62209
4.07062
3.82861
3.80574
3.79195
3.9443
3.69027
3.71733
4.27742
3.76352
3.63713
4.10032
4.045
4.40199
4.13985
3.77347
3.5607
4.30067
3.51539
3.9273
3.8168
4.06349
4.06576
4.03589
3.86364
4.36237
3.81112
4.04307
3.81669
4.35562
4.00331
3.80473
4.0338
3.74341
3.55907
4.19051
4.50938
3.70671
3.56585
4.29717
4.1151
4.39357
4.01488
3.77291
3.91619
3.62264
3.48056
4.22066
4.03577
3.96393
3.88243
4.1384
4.08794
4.39041
3.97074
4.14073
4.0117
3.68097
3.91974
3.9935
4.51795
4.01456
3.84613
3.97953
3.98333
4.01393
4.01596
4.53754
3.6651
4.01804
4.05267
3.80388
3.93241
4.10499
4.04118
4.13499
4.02125
4.21527
4.07698
3.77399
4.00199
4.09168
3.67346
4.08081
3.90952
3.72492
4.0776
3.86393
4.22171
3.62111
3.6883
4.29644
3.72231
4.21317
3.84519
3.94157
4.24243
3.87721
3.74523
3.88092
3.95798
4.11862
3.91641
4.11547
3.61436
4.52288
4.33278
4.13401
3.5172
4.33483
3.82672
3.87822
4.01722
4.20262
3.87166
3.98822
4.19921
4.14523
4.38304
3.81553
4.06729
4.35571
3.93239
4.1178
3.68458
4.14114
4.35485
4.48684
4.02774
3.88444
4.5388
3.95057
4.02801
4.27904
4.06281
3.83576
4.94588
4.07505
3.92571
4.33974
4.19261
4.17652
3.93096
4.58176
4.08988
4.61008
4.14612
4.14775
4.07497
4.17322
3.84216
4.54139
4.4904
4.00354
4.24522
4.44755
4.27505
3.96025
4.72592
4.37388
4.17266
4.21447
4.11715
4.21661
4.23886
4.37248
4.1596
4.72079
4.37409
4.0406
3.86687
4.16899
4.77518
4.52329
4.13498
4.62961
4.24013
4.1557
4.05466
4.36656
4.81978
3.96741
4.39476
4.52291
4.18946
4.07919
4.05231
4.24076
4.40298
4.42443
4.16183
3.98809
4.07561
4.71434
4.17061
4.34637
4.29708
3.84827
4.54284
4.25883
4.30257
4.06227
4.00511
4.27529
4.2773
4.23408
4.36877
4.47018
4.20999
4.37921
4.12252
3.59006
4.3342
4.03808
4.06731
4.08575
3.80598
4.08715
4.19584
4.28156
4.37263
4.4063
3.61021
3.75906
4.09418
3.82414
3.97809
4.11779
4.26271
3.96497
4.16402
4.32914
4.32633
3.98395
4.0384
4.02621
4.01361
4.39209
3.93535
4.10496
3.7205
3.6856
3.8869
4.20515
3.82353
4.02088
3.92122
3.95438
3.91239
3.49186
4.37288
3.88768
4.36372
4.17506
3.90334
3.72255
3.86379
3.66297
4.62061
3.81839
4.59085
4.038
4.138
3.94447
3.95857
3.22793
3.74997
4.11241
3.94488
4.41777
3.89555
4.07721
3.69362
3.95286
4.32639
3.30682
4.22662
4.04995
3.96502
4.2237
4.15968
3.91491
3.83699
3.86513
4.16228
4.20706
4.08527
3.97671
4.10981
4.14269
4.24611
3.72371
3.96375
3.89542
3.75407
3.56194
4.23023
3.72874
3.61285
4.09632
3.94976
3.91578
4.06824
3.97563
4.20016
4.13124
3.99729
4.08646
4.4612
4.17893
3.75967
3.9845
3.78479
3.8318
4.52392
3.9066
4.13574
4.41357
4.01915
3.60062
3.57548
3.88419
4.3629
4.49777
4.21535
4.03575
4.59687
4.06606
3.6725
3.9496
4.07313
3.93328
3.88528
4.39756
3.96772
3.62036
4.09611
4.08656
3.6332
4.06304
3.86846
3.81874
3.76434
4.16591
4.10739
4.31639
4.20358
3.76212
4.43837
3.97937
3.69659
3.74167
3.76287
4.49325
4.33151
3.67145
4.57896
4.01413
3.78235
3.9268
3.92746
4.3864
3.99772
4.26187
4.12202
4.00836
3.93159
4.14573
4.24009
3.85835
4.46247
4.07983
4.02585
3.93253
4.75354
4.17393
3.967
4.01714
3.92117
4.27858
4.15555
3.82511
3.82769
4.24573
3.90666
4.40092
4.46123
4.31275
4.81993
4.07996
4.38421
3.91957
4.03997
4.20334
3.98355
3.99343
3.65521
4.23587
4.13192
3.63365
4.01216
3.88779
4.0174
4.01782
3.76431
4.01042
4.07302
3.83473
4.01582
3.9501
4.43819
4.16048
4.1761
4.35667
3.69719
4.34708
4.12559
3.78316
3.76802
3.83006
3.94814
3.62856
4.06446
3.61271
3.99565
4.20441
3.91417
3.63414
4.09938
4.19572
3.94658
3.92
4.26632
3.65645
3.69195
3.85626
3.51339
4.55084
3.9317
4.21696
3.68016
3.66645
3.85605
3.74182
3.57425
3.74866
3.39772
3.90112
4.00719
3.47565
4.08407
4.23465
3.89845
4.36007
3.61874
3.89255
3.64667
4.07093
3.48522
3.98242
4.14046
3.50114
3.90664
3.89288
3.72263
4.38036
3.96615
3.49162
4.01378
3.75722
3.9397
3.7082
3.90216
3.58303
3.78601
4.26687
3.75899
4.0368
3.88573
3.65632
4.19343
3.93812
4.31779
4.24671
3.70816
4.77277
4.47465
3.93416
4.26477
4.2831
4.17463
4.13683
4.16225
4.11336
3.92832
4.26522
4.27057
3.97353
4.21539
4.1587
4.27888
4.56501
4.14156
4.47641
4.1465
3.8887
3.70115
4.15013
4.31904
4.00784
4.32521
4.06423
3.86154
3.53973
3.94023
3.84511
4.11182
3.94216
4.5209
4.24043
4.29625
4.22969
3.88369
4.22627
3.79791
4.4823
3.82701
4.11801
4.05616
3.90285
3.89265
3.95842
3.84295
4.09912
4.15928
4.23034
4.15257
4.38697
3.85203
4.26386
4.15794
3.93072
3.78385
4.5634
3.98139
4.05036
4.03063
4.23899
3.9186
4.24415
4.13352
3.71647
3.9896
4.04743
4.19118
3.69496
4.53893
3.94705
4.14017
3.87407
4.13431
3.9937
4.08758
4.12368
4.2727
4.54294
3.97182
4.05362
4.08525
4.01259
3.80688
3.86792
4.15988
3.6055
3.8663
3.91299
3.95417
3.95224
4.1645
4.28535
3.85178
4.1698
3.81356
3.8436
3.85142
3.8029
4.20749
4.1654
4.59882
4.29057
4.00772
3.87995
3.97397
4.08267
4.14668
3.74452
4.2386
4.33144
3.47806
3.89263
4.26002
4.3098
3.8504
4.20921
4.33722
3.78696
3.96891
4.04743
4.06568
4.12732
4.36553
3.66509
4.47464
3.9466
4.06171
3.78511
3.37285
3.70278
3.96053
4.17091
4.23313
4.13479
3.75262
4.14529
4.03896
4.45453
3.79463
3.89169
4.2136
3.84585
4.35824
4.09886
4.02803
3.93928
4.19793
3.81337
4.03604
4.07801
4.06778
3.96581
4.33555
3.96256
4.02911
4.32022
4.17564
3.82115
3.94317
4.04639
3.72894
4.01889
4.0295
4.16315
3.83593
4.12982
3.75875
4.28012
4.12132
3.81123
4.15373
4.002
3.87287
3.70434
4.12727
3.97739
4.12806
4.04424
3.87608
3.92236
4.05074
3.56111
4.29962
3.88889
3.63316
4.08117
4.26178
4.24861
4.05493
4.0472
4.08783
4.22799
3.95021
4.00041
4.29081
4.2414
3.94962
4.12939
3.83846
3.69027
4.13397
3.7806
4.07838
3.89991
3.91593
4.14769
4.40284
3.99819
4.4546
3.61838
3.77203
4.47456
3.98406
3.72605
3.92259
3.94977
4.30943
3.6458
4.02661
3.99237
4.09535
4.03958
3.48354
4.06794
3.35602
3.80464
4.07988
4.00595
4.07341
3.99193
3.84048
4.07679
4.30232
4.01369
4.27736
3.71571
4.23489
4.35578
3.77808
4.05144
4.23023
4.26265
3.92724
3.88405
3.92027
3.97114
3.7763
3.75649
3.90366
3.95408
4.17528
4.03765
3.93688
3.93385
4.357
4.2908
4.23924
4.17959
4.1549
4.18741
4.13403
4.351
4.07715
3.63086
4.24698
4.05696
3.98865
4.36975
4.23974
4.1128
4.24774
4.03179
3.94064
4.52477
4.25572
4.22721
3.86817
4.06546
4.07986
4.48103
4.30555
4.16547
4.06254
4.52118
3.96267
3.88425
4.34459
3.94789
4.16235
4.15678
4.34205
3.97881
4.14458
4.03495
3.94381
4.27175
4.12987
4.02033
4.33124
4.34194
4.38496
4.18944
3.86442
4.11755
3.96404
3.90741
4.66478
4.19201
4.19959
3.94848
4.14254
4.29545
3.97992
3.97558
3.98512
4.07082
4.04766
3.90053
4.25245
4.16536
4.22569
4.1686
4.05717
4.06248
4.25451
3.6814
4.54473
3.80051
4.11414
4.03707
4.27357
4.05787
4.09991
4.07786
4.4805
4.11855
3.88406
4.23925
3.67596
4.40539
4.15721
4.0992
3.89503
3.98439
3.805
4.24698
4.09483
4.08958
4.24311
4.10378
3.99891
3.78953
4.12892
4.40002
3.98017
4.44189
4.24978
3.827
4.30146
4.15343
3.91602
3.92696
4.04334
3.91366
4.10391
4.38146
4.22944
4.22746
4.05205
4.14097
3.99168
4.24207
3.93838
4.05209
4.14054
3.86062
4.30729
4.09994
3.95779
3.98114
3.92365
4.04638
4.04337
4.11973
3.86675
4.48224
3.68626
4.09466
3.9101
3.9775
4.10348
3.83936
4.44404
3.91353
4.09744
4.0636
3.79756
4.11527
4.36434
4.03728
4.32274
4.24313
4.13576
4.0158
3.93522
4.29239
4.15917
3.96909
3.88456
4.17911
3.99162
4.17254
3.82754
4.06304
3.75951
3.93475
4.03134
3.96218
3.96302
3.96563
3.97105
4.09659
4.49281
3.7938
3.76453
4.11
3.7717
3.67075
4.2348
3.47679
3.3525
4.19787
3.86501
4.04735
3.84669
4.27067
4.34564
4.15712
4.26246
3.85298
4.21018
4.02404
4.09379
3.77265
3.89338
3.83618
3.8094
4.06751
3.83183
4.29046
3.57702
3.90586
3.84216
4.19537
4.27928
3.77175
4.09941
4.29819
3.71988
4.18385
4.07986
3.57272
4.19489
4.10009
4.04884
3.92829
3.83342
3.83578
3.96029
3.92572
4.37202
3.95246
3.91834
3.62106
3.79808
3.84075
3.90067
3.56944
4.06366
4.01609
4.16909
4.11771
3.74764
4.18202
3.68381
4.16
4.0322
3.42922
4.07548
4.14851
4.14249
4.00606
4.12695
4.08572
3.93644
3.61979
3.85737
3.78177
3.72998
4.1018
3.74547
3.93273
3.88427
3.94739
3.87999
4.41771
4.21949
4.03136
4.37114
3.8841
4.44962
4.72404
4.41427
4.47244
4.12787
4.27222
4.30459
3.92608
3.93827
4.16044
4.20328
4.24599
4.10427
4.56628
4.25591
4.32933
4.11849
4.41851
4.20702
4.61722
3.9811
3.98877
4.36977
4.44929
4.12654
3.76508
4.11701
4.04147
4.06531
4.08058
4.48573
3.86845
4.12869
4.38964
4.08745
4.01283
3.84735
4.09328
4.4124
4.28
4.58609
4.13852
4.01217
4.19835
3.80318
4.06164
4.23429
4.23142
3.85396
4.406
4.11169
3.95512
4.21758
4.14011
3.9229
4.10524
4.86355
4.00625
4.28606
3.88073
4.53199
4.26729
4.5309
4.03402
4.34765
4.27147
4.42308
3.77216
4.06809
4.26471
3.91519
4.32257
4.19047
4.17466
3.90049
4.21534
4.33822
4.21863
4.50781
3.82081
3.94427
4.49635
4.19144
3.65379
4.23461
3.96964
4.22227
4.43573
4.28984
4.16381
4.40323
4.66225
4.30792
4.34778
4.09017
4.04252
4.1998
3.98887
3.86962
4.35636
4.4312
3.9313
4.02274
4.24574
4.32316
4.29797
4.50322
4.42959
3.71546
4.14678
4.12186
4.24598
4.20167
4.71819
3.70206
4.83852
4.39379
4.40942
3.8476
4.13632
4.23282
4.16471
4.32805
4.49456
4.42384
3.82503
4.21216
4.18628
4.3414
3.64513
4.11476
4.1408
4.45225
3.78083
4.07853
4.08486
4.16106
4.44103
4.42474
4.18437
3.90795
4.20946
4.31983
4.48911
4.18388
4.39094
4.4019
3.65871
4.095
3.87627
3.86476
4.10503
3.9347
3.74456
4.36551
4.21974
4.27455
4.04286
3.53281
4.02297
3.87701
3.88749
4.08505
3.9275
4.13189
3.52402
3.50237
3.861
3.67104
3.778
4.16419
4.28394
3.84377
4.26809
4.35069
4.25468
3.70074
3.54845
4.14353
3.46229
4.4492
3.91137
3.79873
4.0784
3.77632
3.69148
4.19525
3.9494
3.78912
3.82062
3.76105
4.03154
3.76734
3.99088
3.7571
4.00423
4.00122
3.73225
3.63736
3.68962
3.76954
4.12092
3.81329
4.34806
3.6363
3.89415
3.81724
4.03841
3.96748
3.83202
4.00298
3.88943
3.85611
3.86989
4.13183
4.09909
3.67238
4.31709
4.12891
3.94655
3.8502
4.3368
3.85933
4.12071
3.72537
4.04756
4.04279
4.15564
3.86078
3.85189
4.04603
3.94679
3.92368
3.8036
3.9804
4.40118
4.12924
3.97063
4.37111
4.36628
3.98635
4.47649
4.14808
3.87102
3.60241
3.8013
3.93176
3.88137
3.75208
4.11764
4.05647
4.0483
4.28702
4.34437
4.0616
3.8071
3.73913
4.10319
4.00916
4.82593
4.22908
3.83336
4.35945
3.95856
3.84864
4.07685
4.06913
3.84647
3.76237
4.15074
4.1851
4.20121
4.36023
3.72328
3.79088
3.94357
3.96283
3.70362
3.84163
3.94121
4.33012
3.8924
3.94839
3.55636
3.72049
3.92193
3.77334
4.24291
3.75161
3.74151
3.8422
4.19967
3.97922
3.80873
3.76718
3.98087
3.95813
4.12107
3.89984
3.53361
4.01218
3.80658
4.01558
3.78095
4.15232
4.29733
4.55428
3.55379
4.20324
4.22752
3.74661
3.92231
3.91657
4.0939
4.30556
3.69351
4.18612
3.7582
4.30084
3.9777
3.63664
4.10497
4.26631
3.67296
4.05333
3.93081
4.03178
4.01869
4.00034
3.91977
3.86051
4.30948
4.01211
4.07106
3.79844
3.26854
3.98125
4.05247
3.61239
3.82829
3.97827
4.42486
3.83293
3.73834
4.15271
3.86636
4.17067
4.24629
3.97442
3.82386
4.22467
3.81933
4.7145
4.12916
4.4518
3.89568
4.25245
4.19306
4.03284
3.81514
4.24255
4.18294
3.71922
3.7945
3.65397
4.17945
3.79601
3.92815
4.09333
3.80664
3.94362
4.02201
4.05765
3.66179
4.05634
3.93236
3.7454
3.58317
4.06907
4.52976
3.89578
4.11456
3.97271
3.92902
4.10483
3.95907
3.86781
3.99704
4.04515
3.75241
3.81174
3.96403
4.25359
4.233
4.06949
4.26659
4.02681
4.09798
4.02585
4.32166
4.11081
3.85092
4.14465
4.35782
4.2682
4.21346
3.90525
3.74856
4.03731
4.22544
4.02085
3.60839
3.87295
3.94597
4.02188
3.92135
3.99154
3.79176
3.7734
3.83606
3.72835
4.35118
3.84702
3.91166
4.21094
3.97784
4.11748
3.9838
3.89557
4.28469
4.18019
4.00306
3.78034
4.16917
3.80204
4.09949
3.43776
4.1665
3.88834
3.19038
3.97961
4.01075
4.01066
3.54437
3.94823
4.09945
3.62328
3.63023
4.24025
4.1439
3.84459
4.26618
3.9978
3.93883
3.83861
4.47751
4.40101
4.13006
4.31006
3.95403
4.13053
4.00384
4.04128
3.99129
3.82038
3.98167
3.84332
3.87055
3.79543
4.07508
3.95173
4.02488
4.69889
4.26785
4.4484
3.98803
4.39306
4.06571
4.43237
3.77382
4.03178
4.25016
4.1225
4.58889
4.5628
4.15984
4.12448
4.11064
3.85465
4.20735
4.21554
4.4904
3.96016
4.19497
4.20396
3.78223
4.00259
4.1605
4.18886
4.00842
4.27101
4.42004
3.85456
3.62757
3.65286
4.16838
4.14336
4.38576
4.17767
3.69591
4.20054
4.28056
3.9169
4.11679
4.28454
4.03144
4.26319
3.8332
4.59455
4.07488
4.24696
3.99621
3.65426
4.01932
3.91533
4.29197
3.74457
4.27899
4.22935
4.20951
3.89079
4.55673
4.14645
4.32418
4.14954
4.11305
4.3474
4.53864
4.10303
3.98192
4.26675
4.1435
3.96593
4.12571
3.95642
3.83609
4.30127
4.02372
3.89567
4.45941
3.9171
3.76712
4.12064
4.45451
4.16853
4.25519
4.19571
4.11423
4.46533
4.11987
4.31864
3.81461
3.93526
4.21367
3.78509
4.36128
3.99981
4.11495
3.96077
3.96026
4.07027
4.29678
4.29651
3.80215
4.45884
4.4088
3.78559
4.08327
4.21587
3.50617
4.14828
4.10516
4.23223
4.22013
3.90581
4.44982
3.95268
3.58391
4.40129
3.96762
4.12714
4.33478
4.03934
4.05033
4.06407
3.961
4.40793
3.77349
4.02295
4.22851
4.00966
4.38859
3.62124
4.27542
4.54885
3.8351
4.26607
4.18434
3.89982
4.19397
3.96923
4.09928
4.1045
4.28129
4.10662
3.91555
4.19622
4.48269
4.01636
4.13577
4.08861
3.96357
4.14539
4.02048
3.80306
3.91287
4.06957
4.4174
4.12465
3.95399
4.39461
4.00405
4.50155
4.20504
4.03224
4.05927
3.94563
3.91232
4.38208
4.20864
3.77431
3.86127
3.94709
4.41421
3.96614
4.17999
4.20672
3.78675
4.28805
4.32468
3.58346
4.07669
3.91552
3.741
4.3262
4.57875
4.21065
4.26595
3.92792
4.01587
4.16321
3.96213
4.26302
4.12387
4.04862
4.02507
4.27371
4.15986
3.75202
4.10899
4.14016
4.16305
4.20998
3.98277
3.88465
3.95731
3.35859
4.25792
3.9033
3.67654
4.08584
4.30561
4.25845
4.22191
3.81911
4.19093
3.81066
3.83801
3.93394
3.99751
4.04932
3.93858
3.99626
4.02902
4.17833
3.87289
4.24025
3.74412
4.04943
3.92363
4.26888
4.03715
4.4012
4.35216
4.06287
3.95944
4.6029
4.21323
4.1604
4.10471
4.24357
4.5878
4.34493
4.11399
4.05104
4.19465
4.05667
4.15012
4.02367
4.4999
4.32318
3.89356
4.49715
4.32731
4.16664
4.53462
4.08951
4.33018
4.01726
4.56825
4.548
4.17108
3.47733
4.26494
3.90335
4.25662
4.51046
3.72795
4.19251
3.84801
4.01445
3.82823
4.03537
4.16518
3.96028
4.26065
4.12663
4.04636
4.02277
4.18341
4.31421
4.06
4.11408
3.99148
4.28046
4.27089
4.50115
4.13206
4.34688
3.90802
4.16607
3.92545
3.98866
4.08654
4.11293
4.32174
4.39454
4.54338
4.12342
3.92415
3.8232
4.0493
4.44317
3.89679
4.13967
4.42416
3.88266
4.45894
4.22413
3.68145
4.07543
3.63415
3.99462
3.90017
4.24274
3.89345
3.69602
4.23894
4.11845
3.68678
4.3834
4.17168
4.17398
3.81021
3.75748
4.09109
4.19661
3.87931
3.90705
4.17255
4.13172
4.08397
4.14101
3.67063
4.07559
4.22546
3.84829
3.70084
4.01795
3.30126
4.05822
4.07564
4.05153
3.79359
3.8386
4.2154
3.81926
3.94256
4.21297
3.68732
4.08187
4.22571
4.07184
4.10095
3.45342
4.03252
3.69826
4.39848
4.17115
3.81655
4.1416
3.91098
3.57799
3.961
3.9054
3.97107
4.11222
4.23085
3.88305
4.0483
4.20766
4.06283
3.85345
3.81109
3.82733
3.96007
3.90429
4.10905
4.29835
4.18464
3.82396
3.98886
3.60075
3.87873
3.74885
4.53591
3.86389
3.73339
4.1284
4.26882
4.05723
3.93259
3.80595
3.87712
3.7695
4.07449
4.23506
4.24714
4.27683
3.69323
4.11659
4.21406
3.93919
3.7115
3.83875
4.28589
4.20429
3.90031
4.07196
3.86347
3.99221
4.28764
3.63155
4.15848
3.69207
3.89715
3.8938
3.84541
3.79287
4.13103
4.07768
4.02617
4.15123
4.07402
4.1513
3.88262
4.15383
4.15292
3.61743
3.98028
4.15168
4.34099
4.10015
3.78334
3.96922
4.06011
3.81764
4.17418
3.90165
4.28768
4.49717
3.97739
3.78299
4.06163
4.03476
4.2751
4.1643
4.26896
3.84229
4.35805
3.95889
3.75112
4.25074
4.09971
3.87277
3.98712
3.75739
3.89473
3.84295
4.35779
3.85247
3.55427
4.05447
3.93261
3.48054
4.21854
4.25622
4.06915
4.06624
3.97358
4.10951
3.83204
4.03948
4.05891
3.64869
3.74243
4.53358
3.66809
4.35888
3.91602
4.11922
4.31851
3.96393
4.32614
4.12597
4.11944
3.93545
3.85115
3.95286
4.26427
4.30929
4.21617
3.98137
3.9931
4.08616
3.77962
4.12025
4.0433
4.03547
4.18916
4.27679
4.20178
3.93422
3.78937
3.72825
4.112
4.05949
4.30447
4.2359
3.81215
4.4105
3.8112
3.99579
3.76523
4.3681
4.19093
4.03824
4.01266
4.6044
4.39178
4.03012
3.81314
3.97166
3.98102
4.40092
4.12196
3.88257
3.95899
3.91175
4.25527
3.76397
3.99467
4.01638
4.29323
4.31922
4.35148
3.98983
4.60665
3.92631
4.57458
4.00981
4.16288
3.69476
4.48147
4.1103
4.42355
3.93001
4.08654
3.94503
4.0278
4.24186
4.04623
4.08741
3.6314
4.17391
3.89586
4.19229
4.49474
3.75989
4.42732
3.81764
4.26489
3.66551
4.21262
3.84675
4.65052
4.10134
4.14777
3.90202
4.42662
3.97094
4.2566
3.88447
4.2145
4.05608
4.1442
4.32955
3.50275
4.01833
4.48874
4.27002
4.2602
3.78552
4.24648
4.05757
4.43643
4.35358
4.03484
3.98731
3.88528
4.05527
4.26281
4.37
4.16854
3.92086
4.03482
4.27513
3.83132
4.09198
3.72654
4.33087
3.74187
4.1551
3.92852
3.78772
4.05064
3.82504
4.19904
4.25576
4.04989
3.73234
4.0361
3.81221
4.15847
3.90581
4.10918
4.23823
3.88772
4.17239
3.86713
4.27775
3.40862
4.09199
3.96054
3.93165
3.77996
3.5775
4.05994
3.86313
3.84124
3.89911
4.23115
3.89219
4.00918
3.75802
3.82089
3.90895
4.23186
4.31205
4.01875
3.91114
4.24825
4.08138
3.95157
3.84949
3.9172
4.09168
4.21155
4.15091
3.58313
4.50397
4.15944
4.31228
4.5179
4.00828
3.94317
3.70637
4.32799
4.21512
4.56735
4.10584
4.12112
4.44164
4.15866
4.14165
3.90371
4.4515
4.23082
3.9334
4.19915
3.95179
3.87902
3.81575
4.1245
3.96318
4.2506
4.50293
3.92854
3.95253
4.12533
4.45833
3.8482
4.58094
4.00972
4.23767
4.22748
4.11756
4.55586
3.78784
4.27683
4.29132
3.83867
4.25717
4.08855
4.13881
4.11116
4.09473
3.86312
3.87683
3.95755
4.23961
4.18307
4.6276
4.12086
4.5122
4.04881
4.37057
4.26558
4.22369
4.07541
3.8079
3.85157
4.01999
3.83406
4.04452
4.07679
4.33591
4.2875
4.48934
4.42854
4.62722
3.97795
4.45345
3.9806
3.97635
4.92183
4.2832
4.12496
4.30422
4.07494
3.84318
4.00325
4.17069
4.04689
4.35017
4.54662
4.33878
4.05305
4.18699
4.07421
4.83361
3.93597
4.6408
4.43578
4.43653
4.68709
4.47154
4.12359
4.37088
4.34511
4.16714
4.67881
4.05023
4.5287
4.07291
4.21843
3.81253
4.19091
4.26277
4.02703
4.52911
3.99195
3.97294
4.36485
4.09857
4.28289
4.62173
4.04102
4.01617
4.32706
4.34489
4.32419
4.54821
4.40148
4.02112
4.55554
4.11226
4.24267
4.16747
4.45305
4.40258
4.06533
4.61962
4.41133
4.1046
4.11984
3.9313
3.44137
4.08241
4.19575
4.21909
4.06435
3.62086
4.24683
4.19911
4.00739
3.86002
4.08745
4.2171
4.24108
4.19334
4.08451
4.09236
3.86742
3.95039
4.87035
4.20854
4.25084
3.98683
4.38386
4.40479
4.35298
3.78808
4.43738
4.02086
3.6442
3.68497
4.13545
4.31754
3.99125
3.94591
4.51709
4.04251
3.88699
4.25506
4.10099
3.55729
4.21722
4.17896
3.81625
3.76058
4.27368
4.33131
4.21306
4.06042
3.68154
4.07585
4.19563
4.02239
4.13243
3.98921
3.60965
3.94656
3.58591
4.21148
4.28688
4.1734
4.44514
4.82832
4.58374
4.55934
4.27912
4.39132
4.49455
4.04532
4.23641
4.33917
4.31587
4.08289
4.14719
4.2113
4.54602
3.58045
4.3795
4.16709
4.41794
4.2207
4.80303
4.26518
4.05353
4.0101
4.16376
4.38188
4.21862
4.02718
4.14622
3.6536
4.44093
4.36556
4.12902
4.31882
4.19798
4.49004
3.92316
4.02002
4.50164
4.3766
4.25203
4.37936
4.19165
4.39172
4.69327
4.28069
3.8577
4.12349
4.23294
4.47199
4.64297
4.47754
4.3194
3.85797
4.29806
3.78935
4.03389
3.97284
3.98142
4.12937
4.06744
4.09756
4.11988
4.1732
4.15646
4.43334
3.67356
4.23704
4.0323
4.51573
4.6417
4.08076
4.13059
4.42075
4.63198
4.04214
4.34365
4.39249
4.17008
4.30606
4.49008
4.14788
4.47921
4.20164
3.92532
4.60913
4.30707
4.60481
4.24875
4.00883
4.62112
4.50061
4.31059
4.79822
4.52685
4.04048
4.22896
4.29314
4.61726
4.14575
4.292
4.38015
3.82896
4.01138
4.35144
4.26584
4.19989
4.47933
4.36319
4.12433
4.24436
4.19855
4.42688
4.39987
4.42017
4.17883
4.30689
4.1957
4.18847
4.32465
4.60468
4.333
3.8696
4.09048
4.08424
4.14947
4.08065
4.4342
4.4543
3.81335
4.10725
4.13988
4.6565
3.97253
3.67923
4.35942
4.46202
3.87703
4.05212
4.17945
4.04908
3.58872
3.93834
4.34048
4.00861
4.08668
3.93932
4.32298
4.05545
4.26106
3.94227
3.88286
3.93973
4.41404
3.71646
4.29923
4.05108
4.01925
4.03596
4.37122
4.14253
3.85895
4.10246
4.26468
3.97982
4.11245
3.96657
4.05171
4.47522
4.37263
4.41612
3.76664
3.65076
4.00068
4.00831
4.42323
4.16746
4.0818
4.34686
4.22401
3.9176
4.30015
4.30841
4.00141
4.10356
4.41332
4.00808
4.3628
4.31525
3.76148
3.97616
4.0565
3.73416
4.25637
4.04049
4.10161
4.10698
3.83329
3.65471
4.29992
3.91571
4.20874
3.73096
4.49966
3.68407
3.89578
3.89763
3.65006
4.41233
3.76618
4.04531
3.92989
3.8005
4.07011
4.31264
3.83001
4.3286
3.63697
3.95597
4.07811
4.09485
4.06843
3.97443
4.1659
3.66887
3.7879
4.0282
3.7519
4.08766
3.68172
3.83518
4.23016
4.12793
4.06831
4.04433
4.08609
4.06594
3.80946
3.93819
4.22691
3.9936
4.20436
3.68203
4.06279
4.11048
3.84542
4.11595
4.08749
4.36638
3.77754
4.27022
3.92432
3.87941
4.35418
4.31568
3.37781
4.08437
4.10092
4.06608
3.52131
4.0791
3.90215
3.91722
4.23924
3.8704
3.90094
3.80947
3.82928
4.17361
4.21601
4.1356
3.75517
3.92965
3.93499
4.19402
3.73674
4.14435
3.56749
3.6336
3.84451
3.7991
3.64541
3.49979
4.00917
4.31859
3.99001
3.49937
4.05916
3.90489
4.00019
4.27836
3.93128
3.9392
3.31645
3.89506
4.24155
3.88473
4.05831
3.94999
3.75161
4.04845
3.85133
4.02576
3.9166
4.06057
3.93975
3.57527
3.63687
3.86505
4.11576
4.00014
4.06871
4.30766
4.24837
3.9489
4.01391
4.33142
4.21297
3.93241
4.25334
3.93174
4.05922
4.0602
4.06484
4.02866
4.1255
3.88422
4.61897
3.92372
4.61686
3.67467
3.92232
4.1995
4.30812
4.10494
3.819
4.25881
3.76119
4.03729
3.59349
4.40141
3.57093
4.21269
4.09722
3.89601
3.95371
4.00855
4.073
3.82471
3.97923
3.89665
4.02363
3.90498
4.1717
4.28081
4.20617
4.02457
4.2544
4.38211
3.90732
4.11326
4.14347
4.13217
4.07933
3.57618
3.99339
3.8845
4.1717
4.10225
4.33435
4.49626
3.8375
3.75604
3.99312
3.70592
3.56654
3.72592
4.0557
3.8743
4.24299
3.95379
4.00905
4.04844
3.87362
3.67894
4.26611
4.15638
3.87822
3.57473
3.60199
4.13035
4.17613
3.79616
3.86164
3.73175
3.87886
4.23034
3.87627
3.92335
3.75092
4.00716
3.96624
3.57812
4.31849
3.97747
4.13345
3.9823
4.55631
4.07957
4.24088
3.89581
4.30332
3.86558
4.02601
3.82698
4.65046
4.32653
4.06512
3.94596
3.7375
3.94834
4.08372
4.00483
3.91494
3.89208
4.40046
3.929
3.83053
4.33126
4.28792
4.53088
4.38032
4.27984
4.39444
4.78033
4.44883
4.61168
4.4419
4.19731
4.30289
4.28644
4.12471
4.16667
4.52555
4.34013
4.20592
4.56471
3.94655
4.37944
4.02472
4.29708
4.09848
4.36212
4.46751
3.70208
4.30442
4.08398
4.12719
4.57044
3.96856
3.99453
4.19819
3.9239
4.26556
4.46959
4.22611
4.6533
4.16624
3.92925
4.11412
4.45584
4.64642
4.00475
4.39962
3.83851
4.31507
3.86009
4.18766
3.85644
3.8793
4.35757
4.33433
4.30769
4.48676
4.41341
3.79247
3.82277
4.22893
3.7943
3.839
4.0926
3.92165
3.84916
3.90166
4.05906
3.63542
4.51666
3.697
4.6445
4.29897
4.18083
4.02574
3.73997
3.96569
3.89089
3.54547
3.91986
3.97678
3.92389
3.91864
4.17084
4.03719
3.78394
3.76089
4.07721
3.68644
4.41279
3.93737
3.9496
3.77135
3.95769
3.73337
3.79444
3.92676
4.01458
4.09692
4.43613
3.6106
4.2012
4.27576
3.62693
3.77428
3.69715
4.04023
3.73452
3.91567
3.86226
3.96799
4.09661
4.02778
3.89727
4.11925
4.27748
3.94993
3.64983
3.95336
3.88431
4.04201
3.8059
4.10249
3.75637
3.72374
3.72519
4.07375
3.9391
3.77863
3.62809
3.66416
3.86032
4.2275
3.64549
4.42743
3.94192
3.36101
4.09508
4.13315
3.86294
3.78756
3.95927
4.1845
3.7746
3.88734
3.75758
3.99035
3.84215
4.28169
3.57959
3.72127
3.94342
4.0971
3.86173
3.89976
3.81345
4.12918
4.20658
3.92488
3.7514
4.07058
3.98717
4.03197
4.08307
3.84133
4.15691
4.21284
3.95977
4.09399
4.18927
3.97593
3.93119
4.33524
3.88504
4.22336
4.11369
3.85482
4.08377
4.33795
3.68436
4.35644
4.17632
3.85749
4.28708
4.05598
3.8082
4.16399
3.8034
3.85729
4.49827
3.72659
4.05217
4.29937
4.10285
4.17598
3.7422
4.03552
4.11629
4.3421
3.88515
4.02011
4.09019
3.93352
4.15187
4.39526
3.55177
4.30038
4.23397
4.15157
4.23105
4.56985
4.33625
4.05835
3.86667
4.2322
3.7647
3.93517
4.07952
4.12358
4.02039
4.15576
4.0906
4.10861
3.87343
4.20536
4.32854
4.00575
3.97422
4.13989
3.85509
4.06406
4.14956
3.55127
4.14496
3.89033
4.22622
3.86798
4.06899
4.11351
3.67549
3.7982
4.15886
3.46444
4.05957
4.44761
3.79479
3.96013
3.547
4.05226
3.90008
3.67438
4.39283
4.07023
4.21868
3.99839
4.28562
4.14965
4.12029
3.83128
4.36237
3.79138
4.00048
4.18864
4.14818
4.24342
4.43076
4.34863
4.23737
3.90728
3.95154
3.90056
3.96506
3.99545
4.13638
4.24204
4.06206
4.14928
3.87414
3.99999
3.89835
3.99076
4.07245
4.05217
3.78421
3.4312
4.02879
3.96468
3.51456
4.18846
3.78077
4.09969
4.05626
3.50583
3.91259
4.06691
3.69016
3.93084
3.86288
4.08371
3.82288
3.76125
3.76837
3.73095
3.74803
3.80987
3.68614
3.91493
4.26109
3.93635
3.9484
3.92105
4.10415
3.90121
4.17529
4.16669
3.82593
3.87104
4.18121
3.51365
3.63643
3.90673
4.21754
3.96084
4.20294
4.16064
4.22279
3.92431
3.54674
3.93875
3.83802
4.02161
4.27373
4.10878
3.76347
3.79718
4.07401
4.185
3.90329
4.47794
4.09836
4.04992
4.19428
4.39708
3.56791
4.02923
3.8607
3.68515
4.03457
3.75099
3.8887
3.57358
4.20109
3.77777
3.67337
4.25431
4.26003
4.24137
3.93996
4.4793
3.57866
4.15818
3.78656
4.337
4.38397
3.937
3.66597
4.3206
4.15933
4.39228
3.92069
4.02153
3.89572
4.06541
3.98634
3.55116
3.65292
3.73884
4.18121
3.93678
4.12565
4.19514
4.54426
4.34914
4.22967
4.45182
3.75021
4.40919
4.07538
4.20522
4.08243
4.18247
4.48244
4.45565
4.07597
4.24791
4.00618
4.10435
4.22251
4.28146
4.09649
3.7433
4.33353
4.05604
3.9262
4.34484
4.31152
4.14791
4.05454
4.09113
4.34156
4.19211
4.12917
4.41272
4.25825
4.28268
4.19298
4.11389
4.32881
4.32916
4.0172
4.08195
4.61137
3.94048
4.27291
3.96671
4.39694
4.58918
4.04191
4.03116
3.98539
4.00483
3.85767
4.13215
4.51011
3.42217
3.78073
3.94379
3.90849
4.13985
3.61133
4.22425
3.97932
3.68537
4.18026
3.98361
3.76011
4.13749
3.98815
4.29986
3.74773
3.68709
4.23951
3.98168
4.03816
4.1747
4.244
3.95985
4.08106
4.31033
3.74478
3.60419
4.19344
4.07334
4.16395
3.75668
4.22269
3.70643
4.56707
3.85939
3.90384
3.65285
3.74762
3.99991
3.83595
3.57929
3.89205
3.70766
3.84568
3.97193
4.20552
4.24799
3.99827
4.06502
4.05845
3.77736
4.12306
3.99878
3.67587
3.85556
4.29116
3.66052
4.06229
3.92619
3.79206
4.00935
3.79418
4.57403
3.44538
4.04736
4.16594
3.96342
3.89458
4.19801
4.31325
3.81303
4.53149
3.99178
4.08184
3.76418
3.97882
4.2719
4.24993
3.84391
4.19344
4.15636
3.6906
3.93419
4.01389
4.4403
3.96535
3.93915
4.37819
3.98517
4.25545
3.74113
3.93202
4.37871
4.28189
4.41512
4.3118
3.98909
3.96952
3.87948
4.03837
4.02085
3.97755
4.07193
3.92748
4.06088
4.46158
3.72396
4.67437
4.44542
4.10902
3.75266
4.42557
4.29516
3.84822
4.25373
4.0079
3.74065
4.13422
4.87136
4.02574
4.19936
4.14778
4.21298
3.95545
4.27681
3.98728
4.57499
4.45569
4.07127
3.76943
4.46465
4.13963
4.15679
3.7778
4.33314
3.97738
4.38383
4.04114
4.00109
4.21279
3.86745
3.64216
4.28424
4.05926
4.63239
4.15762
3.55893
4.19503
4.21682
3.78537
4.47868
3.75419
4.12472
4.25083
3.97556
4.01968
3.98435
3.8357
4.17841
4.1283
4.4109
3.6983
4.03358
3.92051
3.99254
4.28672
3.93026
4.06162
3.90614
3.94831
4.29518
4.21997
4.26973
4.28609
4.2141
4.28384
4.03516
4.07493
3.53742
3.84614
4.26037
3.77893
4.07337
4.04127
4.15017
3.70278
3.82044
4.42976
4.14514
4.05295
3.96903
3.9657
3.99858
4.04946
3.40651
4.27871
3.86174
4.30828
4.20331
4.2701
4.21259
4.18687
4.21087
4.11425
3.46778
4.3842
3.72809
3.68849
3.67994
4.26906
4.07713
3.97406
4.18135
4.01366
4.06211
4.28361
4.08589
4.17153
4.20419
4.2401
3.97915
3.88139
4.33755
3.95688
4.11059
4.08449
3.85179
3.98264
4.56925
4.15321
4.39233
4.30373
4.0386
4.22258
3.75853
3.8075
4.11159
4.37697
3.83629
4.35998
4.12374
3.97816
4.07388
4.11809
4.30642
3.98377
4.32447
4.23874
3.46956
4.24696
4.33984
4.33289
4.04165
4.2981
4.1408
4.39193
4.04293
4.32089
3.91721
4.4296
4.27538
3.8529
4.2366
4.49252
3.966
4.16435
4.55374
4.14483
4.15094
4.20915
3.65197
3.90448
4.27243
4.22401
4.13252
4.12879
3.93567
3.97222
3.57839
3.91631
4.10212
3.56971
3.97601
3.97458
3.75676
4.06295
3.5169
3.93101
3.82588
3.58895
3.59081
3.45676
3.73774
3.62416
3.70384
3.50864
3.73907
4.09121
3.79243
3.48222
3.9376
3.7737
3.83635
3.67021
3.87059
4.08497
4.07474
3.93085
3.54798
3.72162
3.7074
3.85848
3.54062
4.13936
3.85996
3.91366
3.62395
4.09129
3.62828
4.43969
4.0546
3.99221
4.44631
3.91204
4.53895
4.06048
4.36891
4.5324
4.07288
4.25612
3.90684
4.06015
4.4691
4.02805
4.0707
4.23746
3.9839
4.67717
4.64501
4.60487
4.83735
3.92102
4.23974
4.14108
4.40498
4.61942
4.64177
4.07101
4.6552
4.14728
4.52771
4.32829
4.36304
4.18461
4.3355
4.0811
4.18033
4.1102
4.17871
4.22404
4.28529
4.23936
4.06458
4.28414
3.84725
4.22449
3.88171
4.13419
4.04813
4.04845
4.02911
3.86882
4.08903
4.13454
3.88913
4.52416
4.08512
4.01966
4.13817
4.1447
4.08631
3.89831
3.84345
4.1798
3.78807
4.07894
3.95045
4.10458
4.08238
4.50866
3.99153
4.41048
3.99907
3.88058
3.97822
4.23607
4.37472
4.2889
3.83518
4.47209
3.97681
4.0194
3.89373
4.34212
3.97778
4.42032
4.13637
3.84213
4.04109
4.44935
4.19373
4.13161
4.21152
4.4214
4.01812
3.92077
3.95859
3.89217
4.27149
4.60098
4.33341
4.59846
3.79322
4.63208
4.05178
3.92843
4.15856
4.12499
4.33524
4.33749
3.57
4.21191
3.99511
4.18187
4.46608
4.46657
4.3978
4.43038
4.03863
4.04686
3.69428
3.63261
4.17845
3.98313
4.05895
3.49522
3.92707
4.06563
3.69572
4.30756
3.66382
4.4893
4.17456
3.83214
4.04762
3.84107
4.24212
3.90674
4.40297
3.61122
4.34325
3.92362
4.16213
4.10847
3.75433
3.85985
4.07699
4.65321
4.04461
3.77755
3.92492
4.01572
3.72685
4.03064
4.1616
3.82877
4.18021
3.72644
4.1408
3.89469
3.83884
3.83864
4.37191
3.97327
3.86334
4.16063
3.67238
4.05995
3.86308
4.21704
4.05233
3.73299
4.35878
3.68478
4.14284
3.92488
4.36574
3.86102
3.81552
4.15551
4.01501
4.03621
4.05368
3.83342
4.26965
4.36341
4.12656
3.76976
3.61527
4.14083
4.05447
4.06525
4.39939
3.5306
3.88748
3.89101
3.74186
4.05974
3.77044
4.03137
3.97303
3.84413
4.39029
3.8468
3.87889
4.09337
4.24129
4.15057
3.82303
4.13913
4.10209
3.8783
4.11967
4.11155
4.29214
3.98193
3.90146
3.84593
3.9168
4.16094
4.28951
4.43652
4.25978
3.86599
3.94321
3.98808
4.19617
4.06118
3.47914
4.39216
3.8077
4.02427
3.95622
3.82315
3.96292
3.94012
4.28218
3.89714
4.75146
3.99924
4.27014
3.89875
3.83808
4.15499
3.90298
4.38674
3.98805
4.53031
4.09443
4.51852
4.49885
4.13105
4.24922
4.03355
3.89825
4.27155
4.26812
3.78458
4.13866
4.42526
3.84088
4.24978
4.22891
3.98101
3.94083
4.28374
3.97416
3.75152
4.15512
4.26629
3.77764
3.58766
3.557
4.19474
3.99292
3.98861
3.72234
3.76135
4.16995
3.7548
3.83446
3.73434
4.05502
3.80268
3.91568
3.73664
3.44899
3.81862
4.08747
4.12733
4.00108
4.14231
4.01807
3.69987
3.73068
3.68313
3.46428
4.13912
3.82318
3.89797
3.95381
3.45592
4.04744
4.20138
3.89541
3.97187
3.80835
4.63027
3.8734
4.2704
3.8636
4.10887
4.09043
3.8666
4.42016
4.27785
3.97746
4.09653
4.31911
4.15615
4.48273
3.96287
4.01762
4.15078
3.94512
3.92777
4.12183
4.45718
4.10595
3.47446
4.10095
4.25774
4.25043
3.99658
4.21123
3.96683
3.86618
4.02357
3.93686
4.3035
4.15126
3.55744
3.90998
3.82242
4.21768
4.55734
4.08597
4.1549
4.15034
4.08795
3.79432
3.86672
4.07795
3.91629
3.67869
4.06989
4.02919
4.06901
4.15995
4.08976
4.12369
4.18825
3.87507
4.22458
4.09896
3.93032
4.07262
4.02146
3.79915
4.34623
3.99713
4.18285
3.79182
3.8874
4.06582
3.73451
3.73089
3.84318
3.61
3.55121
4.02562
4.09626
3.75721
4.30456
3.90738
3.95762
3.7006
4.30416
4.03875
4.1239
3.97471
3.68909
4.0832
3.7677
3.52616
4.03683
3.67438
4.00641
4.03372
3.54529
4.0806
3.69004
3.87056
3.54358
3.93389
4.08045
3.83788
3.92927
4.40954
4.00736
3.95887
4.36505
4.02037
3.95228
4.29137
4.00838
3.86532
3.58853
4.3604
4.55478
4.6438
3.6722
4.09587
4.43148
4.20339
3.90929
3.94132
3.77462
3.75145
4.14084
3.83066
4.55547
4.33614
4.3461
4.20347
3.88837
3.72355
3.82797
3.83462
3.74775
3.48619
4.02164
3.97895
3.78823
4.36325
3.8285
4.12549
3.7446
3.82803
4.13606
3.79209
4.04068
4.13247
4.19985
3.90055
3.71368
3.41032
3.97663
3.5936
3.81557
4.003
3.90498
4.05749
3.77253
3.75592
3.73719
4.07667
4.22166
4.0445
4.32679
4.17663
3.95542
4.35614
4.20246
4.12442
4.45869
4.06641
3.88427
4.08284
4.25687
4.19896
4.543
4.69142
3.8835
3.91107
4.201
3.79236
4.01948
3.97533
4.07211
3.81608
4.27873
4.42933
3.66452
3.58551
3.98074
3.72983
3.84848
3.74952
3.93474
3.98008
3.97567
3.68022
4.00009
3.47695
3.90667
3.75409
4.02363
3.76124
4.08295
4.02887
3.85684
3.56277
4.06672
3.90579
3.82082
3.37467
3.39308
3.67817
4.05787
3.9416
3.66472
4.14621
4.1049
4.08154
3.91192
3.87969
4.22881
4.16118
4.34568
4.16081
3.89079
3.98511
3.69967
4.37347
4.17948
4.08917
3.957
4.17955
3.59372
4.00539
4.13934
3.52845
4.00494
3.75001
4.36631
4.10565
4.19046
3.90619
4.0744
4.25153
3.85174
3.95648
3.99655
4.44017
4.35282
4.29067
4.16569
4.09517
4.18631
4.01248
3.52947
4.40351
4.19496
4.35776
4.03318
3.73932
4.21615
4.34067
3.97655
4.10561
4.2785
4.34073
4.02072
4.20262
3.74135
4.0493
3.95847
3.65568
4.15321
3.66768
4.07921
3.80255
3.97948
4.11839
3.93089
3.87446
3.77753
4.27969
4.12653
3.91145
3.99557
3.97433
3.86983
3.68594
3.91429
3.63123
3.67842
3.70397
3.73556
4.2241
4.27171
4.26974
4.29123
4.23823
4.21222
3.57622
4.40882
4.28115
4.18561
4.39963
3.92099
4.04135
3.80893
4.11736
3.76987
4.08281
4.10754
3.62523
3.79689
4.32901
4.32199
4.04579
3.905
3.94027
3.82971
4.22747
3.86478
3.82843
3.81924
4.19635
3.69003
4.09706
3.86504
4.33238
4.39656
3.91826
4.04959
4.00753
3.76435
4.03406
4.01618
4.24611
3.88386
4.63048
3.83145
4.30571
4.09526
4.29644
4.28797
4.1611
3.86103
3.80668
4.32537
4.31431
4.06499
4.2679
4.42434
4.1717
3.73151
3.8906
4.09001
4.14807
3.84884
4.21908
4.32018
4.25002
3.77663
3.88634
4.15442
3.91308
3.70538
3.82865
4.23563
4.25581
4.13042
4.04761
3.91105
4.07049
4.06751
4.02406
3.74771
4.11907
3.76901
4.07358
3.9322
4.04851
4.56716
3.94054
4.26782
4.21689
4.10407
3.87107
4.08835
4.15588
4.51371
4.31968
4.23818
4.42148
4.34438
4.38771
4.62953
4.25439
3.99549
4.03333
4.03854
4.08884
4.31073
4.10723
4.22583
4.02697
4.19322
4.13994
3.98804
4.2034
3.90051
4.12286
4.398
3.89607
4.07617
4.03321
3.91647
4.18306
4.10106
4.11633
4.05699
4.25499
4.201
4.20447
3.80288
4.15556
4.02921
4.31691
4.05567
4.08435
3.95891
4.18811
4.00544
3.66883
4.25717
3.94698
3.5994
4.16016
4.01496
4.45775
4.01554
4.33065
4.07678
3.94947
3.73325
4.09969
3.81441
3.77502
4.12281
3.45762
3.76862
3.74912
3.76023
3.68423
3.42377
3.52442
3.92356
3.89648
3.91093
4.04392
4.34899
4.2771
4.30601
4.35192
3.85016
3.76859
4.06034
4.52051
3.803
3.79323
4.3601
3.90213
3.96759
4.08062
3.98319
4.32825
4.24395
4.02035
4.12938
4.36724
3.97043
4.32819
4.10824
3.94822
4.00969
4.05295
4.34335
4.34489
4.43038
3.89989
4.0815
4.06735
4.83181
4.30845
3.83473
3.92497
4.21171
4.22055
4.43261
4.55053
4.52982
4.18537
4.24126
4.18688
4.42283
4.46043
4.28785
3.54494
4.04944
3.42
3.95963
4.11006
3.91381
4.06806
4.12221
3.78406
4.23863
4.01559
4.27646
4.14316
3.71849
4.06155
4.00741
4.23247
4.11307
4.40194
4.16387
3.79246
4.31025
4.64983
4.13164
4.33788
4.41814
4.7463
4.04291
3.7566
3.76837
4.29678
4.15612
4.25101
3.96765
3.65056
4.10668
3.93157
3.69917
4.29546
4.33971
4.39204
4.13054
4.10641
3.80012
3.96568
3.7656
4.29276
3.79746
3.70434
3.65755
3.86685
3.80174
4.2074
3.69644
3.93044
4.07681
4.08231
4.21955
4.02758
4.00137
3.88827
4.15282
3.93595
4.00154
4.26341
3.78934
4.15429
3.60092
4.12833
4.10255
3.98974
3.99309
4.13483
3.95015
3.62336
4.01147
3.97227
3.90742
4.03418
3.91253
4.11077
3.83792
3.59645
3.89653
4.00465
4.49745
3.86519
4.31218
