9.05224
8.69091
9.16408
8.89851
9.26818
9.41127
9.15142
9.51117
8.97031
8.97173
8.60034
8.88577
8.68678
9.02351
9.23656
8.87165
8.88267
8.99125
9.25425
9.29657
8.54593
9.2862
8.75756
9.20132
9.03492
8.98294
8.72418
9.21611
8.64597
9.14918
9.0142
8.65931
8.98606
9.25254
8.67764
9.08258
9.29702
8.91461
9.15012
8.89084
9.2664
9.28342
9.00034
9.21386
9.02427
9.33613
9.20099
9.06666
9.09084
9.02072
9.23084
8.93223
9.25506
8.84087
8.77068
8.98873
9.04958
9.23737
8.99991
8.95435
9.13926
9.08426
9.48652
9.22232
8.92399
9.02491
9.46124
9.13656
8.67314
8.90756
8.76425
9.25106
9.47477
9.01262
9.04621
9.23907
9.6205
9.05446
8.96799
8.68779
9.18767
9.57974
8.84953
9.41699
8.82301
8.91622
8.97952
8.99062
8.71843
9.10303
9.55374
8.9597
9.03206
9.19603
9.20662
9.03206
9.06281
9.23163
9.00094
8.87316
8.82618
9.04369
9.05905
9.32742
9.19314
9.4092
9.06116
9.03677
8.95869
8.69666
8.74078
8.90784
9.15674
9.18461
9.00755
9.03719
9.06148
9.1058
9.21212
9.22847
8.85976
9.07919
8.89403
9.02916
9.01718
9.2208
9.30785
9.52325
9.4552
8.79735
8.93852
9.20615
8.8935
9.46277
9.27996
8.71576
9.16055
9.04796
9.07836
8.79974
9.03859
9.375
9.10796
9.12674
9.2888
8.75958
9.32758
9.17958
9.0254
9.03721
9.1117
9.20365
9.30238
9.03045
9.03641
9.16915
9.33964
8.96822
9.22795
8.99117
9.1468
9.09648
8.66378
8.85184
9.27431
8.71061
9.15042
8.81831
9.01005
9.02592
9.68181
9.00261
8.82402
8.82162
9.40575
9.09884
9.55331
8.85232
8.95334
9.42297
9.18699
8.84403
9.0511
9.30276
8.69899
9.11527
9.04447
9.44624
9.05419
9.20522
8.89987
9.185
9.16925
9.00435
8.91645
9.16729
9.00651
9.23042
9.298
8.87716
9.19164
8.99929
9.41161
9.22026
9.17958
8.96184
9.14678
9.17344
9.14004
9.12817
8.88025
9.10057
8.96803
9.10735
8.85245
9.40251
9.25785
9.03717
9.06617
9.18387
9.20253
9.02542
9.00092
9.01661
9.12975
9.22406
9.0248
9.05152
9.03189
9.27563
9.0672
9.50744
9.17913
9.15474
8.92794
9.23813
8.98092
9.09257
9.04776
9.39376
9.1746
9.26324
8.9841
8.90839
9.14592
9.10824
8.82744
8.93228
9.10573
9.43781
8.98369
8.77261
9.02282
9.04394
8.96847
8.57773
9.20107
9.06057
9.45223
9.16725
8.77851
8.73763
8.87208
8.7405
8.94074
8.9307
9.11231
9.54895
9.01897
9.2131
9.04872
9.30661
9.08183
8.87183
8.95245
9.00718
9.10937
9.0153
9.12217
8.7416
9.25889
9.06317
9.0528
9.1806
9.259
9.18829
9.25802
9.37644
9.00707
9.41397
9.28041
9.23733
9.25091
8.89005
8.71273
9.02319
8.88406
9.01241
9.01686
9.35954
9.44019
9.11088
9.0997
8.87236
9.34301
9.19984
8.89573
9.22381
9.14002
8.9634
8.75155
8.84972
9.34356
9.17162
9.36336
8.69513
9.12856
9.21469
8.94961
9.18236
9.07998
9.56618
8.58413
9.05435
9.24719
9.02592
9.4231
9.26445
9.0378
9.07103
8.93876
9.01067
9.01459
8.96768
9.15882
9.14785
9.16297
9.19441
8.85269
9.47022
9.47887
8.90022
8.49757
9.14815
9.34665
8.99064
8.90592
9.05423
9.07447
9.15651
9.14058
9.28708
9.08806
9.25525
9.36938
8.84066
9.07811
9.03541
8.96844
8.89967
8.81996
9.55788
9.15201
9.41227
9.15476
8.35342
8.99078
9.35854
9.24713
9.16922
8.73663
8.93961
8.8737
9.15281
8.887
8.91358
9.3957
9.24886
9.11237
9.03474
8.75071
9.3213
8.74827
9.42948
8.96667
9.26199
9.27349
9.05378
9.15406
8.77082
8.94479
8.91174
9.35426
8.72335
9.01654
9.11015
8.76549
9.05598
8.80157
8.90777
8.93343
8.94249
8.81042
8.74048
8.57802
8.85245
9.13968
9.01803
8.87297
9.23055
8.93824
8.77447
8.91395
9.19126
8.63147
8.76263
9.17188
8.93421
8.74022
9.05386
8.69973
9.22118
9.34723
8.72804
8.97767
9.26092
9.08089
9.14434
8.79802
8.92726
8.76616
9.2437
9.27805
9.0741
9.10833
9.02063
8.97917
8.69781
9.04693
9.19592
9.22317
8.90937
9.31719
8.99269
9.29457
9.33412
9.53785
9.05925
9.18038
9.34254
9.01767
9.01542
9.14697
8.64309
9.13479
8.731
9.0613
8.52555
9.33315
9.32749
8.75739
8.94296
9.22177
8.71775
8.98953
8.80402
8.92241
8.93887
8.83451
8.80047
9.27166
8.8202
8.89873
8.86046
8.5404
8.53265
9.07697
8.52185
9.30072
8.94723
9.52568
9.02176
8.85258
9.14056
8.82373
9.28651
8.98475
8.91752
9.33068
9.28047
8.65027
9.35946
8.9721
9.19028
9.3634
8.67456
9.22516
8.6905
9.19653
8.63642
9.29455
9.13912
9.45772
9.54826
9.11057
9.25008
9.28103
9.40549
9.28509
9.29639
9.22823
8.73496
9.03392
9.199
8.96979
9.52573
9.3768
9.16608
9.67388
8.9514
8.92049
9.10784
9.07234
9.28351
9.44093
9.32144
9.22819
8.77923
8.98615
8.80686
9.20279
9.14233
8.87565
9.24794
9.27117
9.05776
9.11604
9.23261
8.99031
9.35383
8.76206
9.25288
9.5246
9.2967
8.86078
8.66808
9.154
9.3972
9.07186
8.67292
9.2997
9.24393
9.32584
9.17114
9.05881
8.93965
9.55531
9.43308
9.42879
9.19638
9.15935
9.32544
9.12552
9.05055
8.92464
9.45747
9.68471
9.61554
8.84829
9.19498
9.2827
8.97927
9.35382
9.04294
9.23522
9.32222
9.07673
9.38289
9.35954
8.93836
9.03655
9.59949
9.22543
8.98786
9.166
8.86782
9.13074
9.51258
8.66636
9.76156
8.97934
8.85027
9.13031
9.23314
9.11708
9.42498
9.37219
8.84621
9.39415
9.17226
8.94959
9.0937
9.29828
10.131
9.06706
9.08632
9.34026
9.32478
9.62337
9.47125
9.37759
9.31168
9.09939
9.2944
9.17504
9.1083
9.21786
9.3613
9.19619
9.15072
9.09756
9.65963
9.28145
8.82869
9.18051
9.24761
9.15429
9.24362
9.00813
8.93846
9.67578
9.02927
9.4673
9.10834
9.67055
9.36174
9.50615
9.51118
9.04985
9.2461
9.52083
9.30751
8.89559
9.38399
9.20217
9.51529
9.58129
8.99624
8.94053
9.23158
9.24027
9.62198
8.87934
8.64621
9.66133
9.56186
9.43734
9.17828
9.38706
8.95229
9.2361
9.13223
9.09162
9.40347
9.07917
9.69913
9.23337
9.27157
9.13072
9.40754
9.43076
9.00197
9.24821
9.35798
9.24299
8.77529
9.33505
9.07351
9.33808
9.13005
8.43989
9.22451
8.5694
9.19272
9.00786
9.14559
9.06783
9.1975
8.90031
9.02047
9.31062
8.91656
9.22237
9.13586
8.93589
9.23834
8.75513
9.25771
9.27771
9.48096
9.20931
9.10402
9.34171
9.08054
8.89923
8.77785
9.213
9.04406
8.89489
8.52907
9.07592
9.07456
8.68561
9.27356
9.3205
9.09319
8.70412
9.11066
8.85799
9.20602
9.45485
9.31312
9.42813
9.33352
9.31234
8.71639
8.8587
9.3078
9.4298
9.45081
9.12894
9.05329
9.40848
9.20668
9.11429
9.35772
8.89284
9.62926
8.85993
9.30201
9.05183
9.37883
9.47039
9.13587
9.28674
9.19261
9.15421
9.00816
9.20685
9.14297
8.98762
9.21124
8.84007
8.74347
8.86268
9.33334
9.05633
9.4497
9.57806
8.79337
8.92209
9.08295
9.11959
9.05427
9.33824
9.26418
9.22564
9.1438
8.83868
9.30849
9.2359
8.75674
9.4034
9.11225
8.72153
9.08079
9.0047
9.30746
9.33354
9.55816
9.21561
9.0751
8.85062
8.82611
8.95578
9.0452
9.25044
9.22243
8.91117
9.00171
9.02595
9.03432
9.47102
8.97022
9.04803
9.36093
9.31103
8.87936
8.93551
9.28483
9.48049
9.34765
9.31803
9.2668
9.73847
8.99427
9.08739
9.2286
9.26029
8.86839
9.05999
9.16687
9.03995
9.0879
9.07681
9.00541
9.13287
9.39413
9.13929
9.37412
8.70842
8.89656
9.1531
9.56596
9.09319
9.26823
8.98428
8.83814
9.53179
8.99252
8.87359
9.2438
9.60614
9.26882
9.28781
8.8386
8.72439
9.03408
8.96627
9.22747
9.19093
9.15349
9.24678
9.4927
8.78357
8.90883
9.10739
9.08028
9.33066
9.25558
9.25045
9.20183
9.23268
9.5195
8.59297
9.32579
9.12494
8.85802
9.30338
9.14636
9.3186
9.13785
9.01291
8.9191
9.09495
9.28686
9.0783
9.74244
8.82696
9.41074
8.98012
9.01802
9.17769
9.26812
9.51278
9.08416
9.09931
9.04251
9.36409
9.06873
8.98816
9.09655
9.23931
8.98346
9.07019
8.81972
9.61569
8.84278
9.11649
9.38844
9.32663
9.53313
9.11342
9.31358
9.60994
9.17623
9.36898
9.08567
9.3222
9.05663
9.46122
8.6675
9.23466
9.48974
9.50317
9.1588
9.25787
9.29406
9.08984
9.44495
9.17374
8.91905
9.29592
9.22467
9.17311
9.17603
9.10367
9.22527
9.48476
9.12029
9.06981
8.65663
9.32116
9.24894
9.26271
9.15499
9.18191
9.1841
9.09832
9.11574
9.20871
9.44294
9.10361
9.229
9.07216
9.02457
9.67636
9.23795
9.12562
9.16233
9.63991
9.253
8.96933
9.12021
9.47012
9.02124
9.17509
8.93932
9.3879
9.29311
9.04933
9.05679
9.29846
9.37451
9.19667
9.24833
9.35942
9.47133
9.32598
9.27255
8.71625
8.89342
9.21885
9.06385
9.05811
9.54737
9.10873
8.95943
8.95872
8.91847
9.1454
9.27455
9.1483
9.35195
8.94538
8.98331
9.53898
9.33974
9.18736
9.17756
9.52665
8.84021
8.87885
9.33083
9.20047
9.23962
8.88241
9.26095
8.90729
9.32501
8.87647
8.81375
9.62245
9.00198
9.48081
9.15671
9.30487
9.18286
8.85011
9.27227
9.26182
9.20237
9.07279
9.21252
9.44592
9.27279
9.26372
9.21233
9.16739
8.98185
9.10146
9.71513
9.43659
9.56661
8.94211
8.8923
9.66352
9.06936
9.21972
9.35308
9.46679
8.91552
9.25828
8.84228
9.09649
9.32956
8.93474
9.02214
8.88721
8.94401
9.35677
8.52383
9.38348
9.08697
9.26503
8.71157
9.12827
9.15369
8.895
8.76505
8.54118
8.99108
8.74788
8.70658
8.99547
9.18188
9.08083
9.15823
9.10827
8.72611
9.35666
9.04237
9.16018
9.64614
8.88031
8.94606
9.2136
8.81869
9.2468
9.81843
9.17285
8.96903
8.9721
8.98303
9.12772
8.8825
9.19029
9.15375
9.63456
8.96594
8.87701
9.34502
9.04584
9.11746
8.42337
9.26652
8.85931
8.75164
8.9879
9.18739
9.25018
8.93007
9.06512
9.08414
9.25948
8.92316
9.00981
9.18842
8.95234
9.14399
9.37078
9.06873
9.25642
9.39265
9.04613
9.17005
8.92469
8.92562
9.03364
9.33432
9.27139
8.76998
8.75448
8.99198
9.55889
8.87448
8.94329
8.92568
9.20868
8.83754
8.91575
8.63506
9.02904
9.24003
8.92274
9.17903
9.02631
9.26067
9.47077
8.76992
9.17533
9.1313
8.79525
9.03584
9.06969
8.96302
9.30397
9.06984
9.13988
9.39721
9.59509
9.23582
9.01837
9.26508
9.20741
9.31799
9.15186
9.24519
9.16965
9.50438
9.38145
8.8001
9.37649
9.13426
9.29021
9.17583
9.21141
9.02528
9.04372
8.97659
9.41303
9.56097
8.96351
9.10979
9.52525
9.40998
9.71199
8.89245
9.47131
9.35304
9.04706
9.04926
8.97437
9.39902
9.21194
8.92155
9.40498
9.12669
9.30469
8.40014
9.01405
9.14267
9.4906
9.14192
9.41451
8.69951
9.27545
9.25115
9.44915
9.36819
9.1637
8.81101
9.34163
9.03981
8.95496
9.2927
9.42657
9.05673
9.30158
8.64756
9.17184
9.12018
9.28253
8.97436
9.50179
8.92855
9.09695
9.13259
8.78558
9.44616
9.78382
9.08598
9.01429
9.56996
9.77437
9.41397
9.05058
9.19884
8.9227
9.41598
8.95373
8.86592
8.99959
8.67594
9.32046
9.04841
8.76223
9.1599
9.14477
9.70147
8.64038
8.84287
8.82921
8.74554
8.84956
9.41186
9.3466
8.71507
8.85783
8.93338
9.05785
9.07153
9.18318
8.78616
8.81989
9.20608
9.44226
9.18134
9.34912
9.01502
9.04886
9.23698
9.33174
9.21071
9.52835
8.92106
8.90953
8.77454
8.98028
9.05377
8.93261
9.28297
9.07477
9.39166
8.83719
8.92239
8.84508
8.7348
9.01468
8.93735
9.28965
8.91296
9.23596
9.20709
8.93663
8.90478
8.51209
8.94262
9.25695
8.7758
9.01019
9.0751
9.54712
9.36167
9.20512
8.99855
8.85164
9.08632
9.3848
8.99768
8.86302
9.18358
8.93086
8.59538
8.87017
9.11004
8.98781
8.86226
9.29572
8.99643
9.30763
8.99633
8.78923
9.06004
9.07879
9.32497
9.266
9.29703
9.18998
9.10107
9.33736
9.3565
9.31944
9.41576
9.0434
9.25063
9.23945
9.1679
9.38063
9.3764
9.39875
9.13693
8.85496
9.4369
9.16805
8.95069
9.43055
9.50174
9.29559
9.16872
9.03509
9.58395
9.30331
9.12235
9.3468
9.50329
9.5776
9.39947
9.22146
9.55709
9.23573
9.25
9.06621
8.98241
9.31513
9.2272
9.06575
9.05138
9.39494
9.28095
8.74837
8.89006
9.32063
9.35324
9.52257
9.04324
9.14158
9.00716
9.3587
9.8124
9.23861
9.27246
8.99918
9.70115
9.40425
9.21372
9.14615
9.20592
9.31789
9.2345
9.21697
9.16495
9.73129
8.97845
9.29257
8.98137
9.50688
9.55465
9.13205
9.27707
8.68373
9.49356
8.86263
9.85309
9.1738
8.94285
9.4731
8.97021
9.15829
9.04624
9.01215
8.84201
8.98023
9.06505
9.13669
9.00826
9.20465
9.31045
9.51857
9.28823
9.02794
8.79491
9.20214
9.21922
9.12912
9.45133
8.8984
9.03609
8.97673
9.05884
9.04047
9.46447
9.2667
9.46951
9.01946
8.93059
8.9604
8.98461
9.11925
8.97893
9.35158
9.28015
9.04919
9.3838
9.23147
9.27827
9.06205
8.77694
9.59473
8.71672
9.07171
9.27451
9.20083
9.01082
8.87286
9.36122
8.88268
9.44947
9.23975
9.1234
9.04442
8.75547
9.45246
9.24531
9.06273
9.43025
9.06819
9.01424
9.17067
8.97586
9.00799
9.04085
8.6078
9.30486
8.95308
8.99078
9.42834
9.05545
8.95669
9.37908
9.19646
9.51547
9.15673
8.70701
8.90161
9.36189
9.05817
9.42067
9.14351
9.51288
9.15094
9.05589
9.35956
9.15867
9.06102
8.64488
9.03369
8.68616
8.67568
8.95541
9.09969
8.91853
9.00053
8.95449
8.67582
8.9222
9.24238
8.87429
9.29565
9.1005
8.5652
8.87583
8.24499
9.27436
9.00374
8.85339
8.76374
9.26128
8.87573
9.04205
9.31536
9.27952
9.26957
8.88915
9.05252
8.48569
8.84585
8.80398
9.03015
8.81761
9.25259
8.5914
9.03296
8.51974
9.05473
9.1283
8.82947
8.74327
8.82085
9.44057
9.20414
9.05065
9.12952
8.85396
9.11758
9.16955
9.25231
9.03093
8.83668
8.96338
9.12808
8.5541
8.89333
8.65136
9.44292
9.24818
9.12029
9.00665
8.69596
8.97105
8.86194
8.96192
9.16951
8.9728
9.06688
9.06661
8.96324
8.85483
9.30137
8.7657
9.21083
9.29283
8.80354
9.08131
9.19219
9.06737
8.87954
8.75635
9.14133
9.08564
9.14213
9.13864
9.13205
9.14424
9.12044
9.26119
8.73697
9.13202
9.13879
8.99496
9.08527
8.51267
9.04239
8.9564
9.01985
9.31874
9.47036
8.97961
9.35107
8.98035
9.00553
9.15687
8.97327
8.92356
9.22048
9.12041
8.96793
9.13383
9.47114
9.45162
9.14595
8.65503
8.95268
8.76607
8.99772
8.52896
9.32558
9.34653
9.12494
8.85751
9.38326
8.71314
9.23471
9.46646
9.32526
8.8996
9.00735
9.02595
9.25157
9.04897
9.03076
9.39117
9.30601
8.68254
8.95237
8.88545
9.14565
9.24621
9.05813
8.95697
8.79817
9.20216
8.69158
9.22483
9.18568
8.53857
8.78277
9.22493
8.89429
8.85
9.03075
8.7359
9.25103
8.9308
9.38635
9.03474
8.92022
9.14624
8.97161
9.08414
9.04518
8.86732
8.84248
8.8869
9.29284
8.97736
8.98862
8.66252
9.01489
8.99416
8.89821
9.30963
8.88752
8.98591
9.00362
8.81915
9.2602
9.34873
8.895
9.13086
8.90174
8.91459
9.19223
9.07053
9.08065
8.87185
8.83763
9.41437
8.97374
9.25079
8.45288
9.4007
8.992
8.60743
8.68012
9.09032
8.91131
9.40828
8.98215
8.87965
8.74382
8.863
9.45582
8.90877
9.04976
8.76447
8.73897
9.18971
8.97861
9.21879
9.08414
9.00503
9.07585
8.9701
8.77431
8.78037
8.72614
9.24442
9.20871
8.75682
9.08317
8.78877
8.88655
8.84327
9.15641
8.98419
9.27544
9.21098
8.93994
8.9365
8.96122
9.11039
8.29947
9.18428
9.04149
9.60161
9.14007
9.21022
8.9905
8.88095
8.94446
8.999
8.99213
9.24651
8.8611
8.60346
9.10722
8.62493
8.88328
8.92096
8.81349
8.88176
9.17945
9.01975
8.94313
8.76813
9.26401
9.15663
9.3571
8.93573
8.96092
9.04198
8.65652
8.64722
8.50948
9.32311
9.11475
9.25645
8.97826
9.32405
8.76512
9.11497
9.16113
8.7717
8.83449
9.36777
9.20918
8.83113
9.11466
8.89986
8.84052
9.13977
9.11211
9.25695
9.28341
8.8082
8.87491
9.23446
9.07541
9.24267
9.06277
9.35308
8.8503
8.78456
9.22599
9.13943
8.867
9.1391
8.99083
9.43388
8.74424
8.48411
8.6834
8.96486
8.79929
9.01423
9.10184
9.25183
8.95104
8.96751
9.02258
9.01561
8.33775
8.94851
9.1283
8.87499
9.215
9.2113
9.1726
9.1697
8.984
8.99207
9.3345
9.23825
8.87855
9.00145
9.1658
8.95405
8.63241
9.00017
9.19251
8.55056
9.14001
9.34785
8.87827
9.29562
9.02628
9.27031
8.83102
9.11743
8.87005
8.79836
8.75736
8.97389
8.86746
9.66619
8.94236
8.86657
9.11264
8.93298
9.25112
9.0706
9.05152
8.95305
9.20626
8.62365
8.91342
9.04714
8.84768
8.85886
8.99718
9.32933
9.1188
9.42254
9.25916
8.95437
8.95983
9.27897
9.22063
9.01808
9.1849
9.33786
9.15867
8.76874
8.89095
8.92082
9.21183
9.08426
9.04284
8.72954
8.99164
9.37631
8.61432
8.90559
8.82337
8.74212
9.10614
9.14768
8.56697
9.03567
8.93973
9.10704
9.18175
8.69671
8.74437
9.05408
9.06383
8.97381
8.70037
9.26503
9.05003
9.30527
8.73811
9.11606
8.81633
8.88279
9.43406
9.10014
9.12036
9.01363
8.97496
9.55741
9.42919
9.01136
9.36968
8.97859
9.32287
8.85708
9.00475
9.05714
9.13387
9.16866
9.06174
9.06473
9.21808
8.73832
9.08637
8.94326
9.21118
9.1111
8.86623
8.98759
8.87007
9.17577
9.31934
8.99343
8.54753
9.07265
9.09829
9.18109
8.77189
9.54837
8.99876
8.79231
9.11068
9.08546
9.1256
9.07867
8.93433
8.93444
8.88818
9.11968
9.12865
8.73048
9.30699
9.33733
9.04763
8.99382
8.99503
9.14577
9.00459
9.17623
8.91094
9.23625
9.33993
9.12861
9.47212
9.33699
9.34369
8.90281
9.1204
9.13139
9.39668
9.15198
9.50499
8.82114
8.55143
9.12621
9.39849
9.28247
9.27078
8.94449
9.00863
9.15881
9.27555
9.63661
9.09906
9.22517
9.15604
9.01051
9.44873
9.68603
9.33688
8.82999
8.82721
9.27011
8.96805
9.43348
9.4503
9.16606
9.34194
9.59191
9.37278
9.18955
9.31461
8.85139
8.88392
8.69062
8.90623
9.52399
9.3736
8.88628
9.09937
9.36899
9.32764
8.79689
9.33579
9.54715
9.01095
9.06337
9.32536
8.98328
9.05537
9.02812
9.45564
9.33219
8.92891
9.02863
8.99244
9.05857
9.30934
9.38037
9.02553
9.34537
9.26786
8.90503
9.1368
9.28047
9.20044
8.78309
9.12929
8.74427
9.43628
9.03933
9.11656
9.11585
9.11637
9.82824
9.44736
8.8964
9.29443
9.29576
9.23652
8.63975
8.92873
8.94397
8.69558
8.81435
8.92905
9.0654
9.01294
9.66463
8.79245
9.12072
9.15493
9.61511
8.97581
9.47709
8.87139
9.11934
9.18377
9.35953
8.96903
9.05834
9.50134
8.88347
9.27281
9.23319
9.17533
9.16283
9.32009
9.19279
8.73945
9.1111
8.94528
9.2431
9.18657
9.28484
9.41963
9.27286
8.92872
9.21073
9.56219
9.23985
9.11918
9.11878
8.46261
9.1732
9.12726
9.58588
9.02803
9.22904
9.31995
9.04224
9.16055
8.89256
9.18123
9.4344
8.84417
9.26423
9.01364
9.31432
8.70675
8.7424
8.92659
8.89928
9.07969
9.09619
8.93477
8.88071
9.16599
9.13278
8.87799
8.6705
9.47345
9.36714
9.63646
9.1841
9.15361
9.09396
9.28836
9.22176
9.06057
8.95953
9.25783
9.40192
9.25155
9.22157
9.19189
9.30717
9.4012
8.85968
9.65375
9.36334
9.28456
9.41284
9.16056
9.6554
8.88937
8.91186
9.58506
9.34922
9.52733
8.86223
9.05519
9.38424
9.18072
8.56828
9.30953
8.98861
9.26317
8.97251
9.15374
9.25724
8.91896
9.41774
9.18701
9.51813
9.36407
9.36476
9.44064
8.9833
9.08856
9.50536
9.5523
9.26103
9.1239
8.89438
9.35909
9.3428
9.5525
9.28577
9.11188
9.55505
9.29144
8.91009
9.4589
9.30226
9.33856
8.70169
8.87827
9.15999
9.56108
9.24121
9.03011
9.32475
9.20203
9.24777
9.19725
9.25961
9.02443
9.38802
9.14425
8.90367
9.21406
8.82992
8.87877
8.85913
8.74304
8.75306
8.68166
8.70626
8.93848
9.33378
9.26549
9.10564
9.0475
9.19314
9.09158
8.98542
9.14017
8.83592
8.72641
8.96606
8.63996
9.18795
8.8796
8.86043
9.16922
9.36391
8.99322
8.65402
9.13747
8.81182
8.84849
8.80071
9.13033
9.3178
8.91009
8.51851
8.83815
8.78746
8.82925
9.29688
9.39772
8.83661
8.86549
8.84389
8.94945
9.05136
9.27997
9.00219
9.11901
9.03993
8.87691
8.78956
9.05767
8.60391
9.11916
8.69375
8.99083
8.97566
8.63966
8.82054
8.99826
9.32594
9.20837
9.34604
8.98377
9.12754
9.47147
8.63747
9.19827
9.01973
8.61467
9.04854
8.98004
8.78593
8.45313
8.87424
8.93122
8.46926
9.12412
9.20039
9.11033
8.8045
9.30411
8.61432
9.13179
9.53291
8.9602
9.18529
8.75637
9.03166
8.8465
8.89312
9.18345
9.01826
9.3477
9.08485
9.48199
9.28209
9.15739
9.23846
9.07362
8.7914
9.36862
9.10178
8.92711
8.67251
9.5975
9.29521
9.1545
9.06623
8.93753
9.14991
9.17265
9.2578
8.88231
9.22947
9.02811
9.24747
9.19744
9.04762
9.10918
8.92236
9.05145
9.01136
9.09663
8.98778
9.2231
9.04905
9.00655
8.83978
9.00012
8.71499
9.22684
9.01242
9.19621
9.34203
9.59159
9.05658
8.89908
9.56408
9.18235
9.22764
9.03118
9.31745
9.42715
8.95096
9.19446
9.3645
9.05719
8.36628
8.94479
9.29545
8.95096
8.65742
9.04246
8.7845
9.25286
9.09476
8.98538
9.11918
8.81474
8.857
8.71182
9.11449
8.81825
9.17983
9.39731
8.8294
9.03737
9.32296
9.18592
9.42185
8.76323
8.51285
8.55852
9.10239
8.80945
9.19793
9.39061
8.83115
8.98732
8.96357
8.84935
8.73748
8.92558
9.15178
8.92429
9.16977
9.11653
9.06715
9.09471
8.73711
9.19009
9.1231
8.47881
8.80517
9.25966
9.33856
9.14748
8.66899
8.82416
8.61283
9.12651
8.6807
8.82187
9.09784
9.04879
9.19907
8.72014
9.25717
8.83886
8.6738
8.96175
9.18528
8.64352
8.94782
8.9752
8.73839
8.99712
8.72971
8.85073
9.03566
9.22565
8.99251
9.22676
8.96476
9.24717
9.11665
9.74668
9.51332
8.91588
9.06981
9.16548
8.86696
8.48181
9.30127
9.31548
9.21241
9.23714
8.96355
9.31861
8.70719
8.70463
8.84516
8.77852
8.80864
8.9396
9.22247
9.08739
8.69983
9.04494
8.79963
9.36867
9.50184
9.40356
9.28736
9.17656
9.21104
9.07669
9.22579
9.28674
9.10045
8.61844
9.10154
9.20681
9.22133
9.09321
8.8021
9.28071
9.33081
9.22915
8.84809
8.96347
8.69847
9.373
8.77275
8.83042
9.53187
9.16349
9.13957
8.48558
8.86798
9.22064
8.97206
8.8551
9.17711
9.14936
9.33253
9.20963
8.7871
9.10989
8.81592
9.30461
8.98679
8.93647
9.1973
8.76125
9.28805
8.92317
9.03764
8.87882
8.81732
9.08298
9.05985
8.97048
8.65928
8.91857
9.28817
8.78715
8.8901
9.36234
9.29737
9.05249
8.64954
8.81608
9.04406
8.99749
9.03191
9.02921
9.14249
9.15106
8.87445
9.26083
9.18746
9.07919
8.67088
9.41526
8.57831
9.14484
9.07447
9.02515
9.09617
9.08483
9.33072
9.20215
8.87002
8.75338
9.0539
9.26154
9.32295
8.8811
9.0611
8.82524
9.4618
9.16343
9.01765
9.35551
8.77862
8.82691
9.00542
8.9737
9.10907
9.12114
8.88542
9.3586
8.58485
9.28118
9.19566
8.96216
9.16483
9.11102
9.46631
8.92034
9.12392
8.89997
8.73495
9.28329
8.85363
9.36885
9.10119
9.22107
8.73741
9.00456
8.72738
9.26216
8.9174
9.50356
8.81254
8.65656
9.30728
8.97011
9.06135
8.60985
8.82488
9.16403
9.22343
9.13825
8.92792
9.08778
8.87667
8.90538
8.97143
9.24176
8.98849
9.40761
9.01781
9.03235
8.98138
8.8974
8.98466
9.38112
9.06384
9.15568
9.13639
9.19167
8.85591
8.7321
9.26801
9.33596
9.17415
8.96779
9.24624
9.05695
9.0259
9.1842
9.37894
9.07138
8.99268
8.95157
8.98417
8.98006
9.25488
8.93262
9.46985
9.21549
9.67805
9.19108
9.13889
9.46337
8.83456
9.01553
9.34803
9.38688
9.35365
9.32297
9.17831
9.76479
9.66389
9.28159
9.50438
9.17016
9.05171
9.42971
9.33717
9.59364
8.99096
8.91379
9.15434
9.22451
9.19594
9.64924
9.35723
9.58934
9.57256
9.19436
9.06519
9.60464
9.46766
9.26416
9.13802
9.41647
9.151
9.48577
9.49741
9.40263
9.31129
9.29111
9.16184
9.18794
9.3922
9.47814
9.76998
9.57499
9.32642
9.65198
9.54214
9.28223
9.43558
9.43719
9.12408
9.19739
9.03183
9.15779
9.41355
9.27821
9.14516
9.20425
9.32215
8.91332
9.55955
9.30078
9.46986
9.51225
9.67743
9.54481
9.7976
9.60154
9.56526
9.0713
9.01128
8.80338
9.05286
8.76739
9.05139
9.37282
8.74215
8.8148
8.89139
8.69424
8.85508
9.32606
9.03903
8.82569
8.63296
8.79445
8.92179
9.28002
8.94084
9.02243
9.27879
8.58573
9.1755
9.00156
8.88547
9.08224
8.28223
8.87743
8.94854
8.96279
9.16939
9.09459
8.74918
8.81242
9.1126
9.03068
8.7679
9.27864
8.60177
9.24543
9.0837
8.55591
8.84055
9.04176
9.06005
8.83942
8.94416
8.78132
9.08566
8.92175
8.61222
8.59567
8.97094
8.7679
8.8437
8.62557
8.58014
8.97891
8.85522
9.37075
8.79992
8.86028
8.88355
9.09148
8.84878
9.10554
8.82229
8.62944
9.20998
9.47736
8.93882
9.18291
8.93599
9.16939
8.79321
9.04179
9.24706
9.10814
8.89728
9.30486
8.93783
8.92771
9.61534
9.05019
9.17253
9.0327
9.20051
8.85004
9.17807
8.97831
8.88317
9.11742
8.9151
8.84674
9.3823
8.97905
9.11281
9.19563
8.7005
8.82178
9.08938
9.33102
9.2168
8.99767
9.16058
9.50682
9.1478
9.17673
9.03442
9.37601
9.21606
9.15041
9.13407
9.19294
9.18085
8.82316
9.03665
9.05871
9.0984
9.17492
9.04656
9.08187
8.96985
8.95101
8.83006
9.38231
9.02284
9.38534
9.23169
8.57414
8.78903
8.91291
8.75123
9.12707
9.44904
9.34594
9.16595
9.21714
9.24059
9.1193
8.99972
9.15226
8.94829
9.16772
9.17395
8.77121
9.17573
8.9166
9.13411
9.02823
8.87233
9.02917
8.93165
9.2755
8.90209
9.42406
9.22502
9.11563
9.25219
9.30869
9.42025
9.41615
9.00548
8.79261
9.25159
8.91567
9.44406
9.41353
9.38456
9.05007
9.41256
9.19313
8.60538
9.22745
9.30294
9.59301
9.49127
8.92107
9.00235
9.1946
8.83117
9.14486
8.90163
8.73389
9.2409
9.26669
9.0166
8.96732
9.15383
9.16054
9.07216
9.06246
9.43494
9.30216
8.7693
9.1627
9.60655
9.15741
9.22449
8.89399
8.65002
8.87664
9.26937
8.79497
8.84457
9.10749
9.04947
8.89202
8.92224
8.97473
9.16578
8.83693
9.29148
9.03542
9.2714
9.1031
9.05314
9.13894
8.91676
8.96147
8.8916
8.88361
8.65134
9.26487
9.31205
8.81109
9.00683
8.95995
8.86036
8.99149
9.35236
9.19991
9.19019
8.75451
9.36243
9.24146
8.8073
9.16129
9.23093
9.14712
9.18385
9.05462
9.02037
9.28922
8.76005
8.93309
8.85814
8.62104
8.97349
8.98952
9.00093
8.98387
9.00142
8.73217
9.47431
8.97906
9.02331
9.12104
8.98258
9.35699
9.01676
9.38158
9.03286
9.36012
8.9514
9.59397
9.14015
8.83434
9.17189
9.64861
9.17971
9.34626
9.12428
9.1621
9.02653
9.12312
9.10103
8.89169
9.25698
9.10791
9.08044
9.34447
9.34883
9.21351
8.75495
9.34688
9.47195
9.04408
9.34563
9.52522
8.79097
9.14643
9.08565
8.96617
8.79328
9.06214
9.07309
9.3441
9.20979
9.06833
9.07214
9.5385
9.55781
9.32366
9.09006
8.96532
9.06575
9.05182
8.59017
8.78343
9.21102
9.11039
9.30262
9.11161
9.35036
9.51108
9.23434
9.69211
9.30932
9.4141
9.69735
9.00927
9.05763
8.90464
9.33351
9.49065
8.93186
8.92198
9.26536
9.13023
9.20796
8.93284
9.3459
9.01007
8.96269
9.14847
9.08635
9.43714
9.09161
9.16758
9.07729
9.33754
9.34299
8.95534
9.4348
9.42844
9.31825
9.41552
9.07181
9.13145
9.56188
8.92042
9.09193
9.4732
9.20412
9.21559
9.38583
9.08599
9.31317
9.25617
9.12125
8.91119
9.56497
9.37473
9.40075
9.24796
9.23352
9.17648
9.2021
9.12432
9.03064
9.38616
9.20891
9.26178
8.64232
9.26158
9.2108
9.27559
9.113
9.69718
9.11611
9.38348
9.66893
9.01001
9.12064
9.08533
9.05684
8.94461
8.88854
9.21648
9.23459
9.12
9.00529
9.16243
9.39008
9.31283
9.70308
9.20871
9.03227
8.81553
9.36377
9.01192
9.3916
9.12237
9.17733
9.42318
9.21551
9.64836
9.44606
8.8879
9.28801
9.37369
8.73887
9.12098
9.23098
9.1696
9.26555
8.84979
9.07607
9.26828
9.03441
9.0048
8.76349
8.80746
9.26762
9.26646
9.48198
8.94433
8.94661
9.22627
8.86759
9.27634
9.54694
9.37954
9.33223
9.44782
9.46191
9.03933
9.0959
9.19099
9.07077
9.07094
9.81842
9.33605
8.57326
9.07062
8.64162
9.19553
9.59366
9.11996
8.85532
9.14731
9.08507
9.65132
9.23699
9.17894
9.26646
9.15863
9.01348
8.70364
9.05544
9.17561
8.95072
8.94641
8.88652
9.81738
9.30512
9.09205
9.21423
9.44287
9.52505
9.4577
9.37381
8.80545
8.99872
9.40366
9.09341
9.49519
9.69717
9.23302
9.40625
8.98185
8.88257
8.92759
9.65466
8.91504
9.25737
9.29275
9.01853
9.29405
9.08413
9.07177
9.04539
9.51243
8.80174
9.2698
8.72479
9.33844
9.78717
9.29211
9.47865
8.82887
9.53557
9.59852
8.69683
9.04211
8.86399
8.88402
8.69492
9.02977
9.14919
9.22843
8.74139
9.08811
9.15382
9.36925
8.87735
9.03973
9.09889
8.8826
9.31356
8.89372
9.18659
8.95493
8.69443
9.26358
9.18893
8.86769
8.8402
8.87483
8.88863
9.07288
8.88294
8.9695
9.21621
9.35283
9.09526
8.66258
8.75681
8.91449
9.07043
8.80606
8.68049
9.19969
9.00502
9.10226
8.5719
9.1078
9.08561
9.0266
8.49198
8.68914
8.93786
9.35335
8.89228
9.08726
9.00602
9.26623
9.06306
9.27658
8.62789
9.31989
9.14274
9.17375
9.20384
8.76598
8.99821
8.90647
9.04885
8.92919
9.20008
9.04893
8.75873
9.35331
9.05271
9.29411
8.87156
9.3055
8.76816
8.72057
9.52428
9.23308
9.00953
8.95004
9.11253
9.50324
9.17906
9.07195
9.28228
8.9374
9.14706
9.30338
9.18266
9.26265
9.3388
9.2487
9.37946
9.30986
9.1956
9.26158
9.22182
9.17747
9.19245
9.16594
9.05287
8.48351
9.13452
8.88786
8.76509
9.11983
9.26925
9.00842
8.84094
8.96029
8.81282
8.88024
8.75102
9.0709
9.19894
9.05036
8.96524
8.92688
9.1807
8.80815
8.89727
9.0747
9.20912
8.91612
8.90679
9.25199
9.10059
9.28502
8.98924
9.25178
8.98738
9.19441
9.43108
9.34974
8.95393
8.80302
9.24742
8.92817
8.76362
8.70955
9.20762
9.08287
9.20549
9.0251
9.43725
9.18782
8.91893
8.66157
8.81594
9.28974
9.17815
9.30631
8.78425
8.96279
9.33695
8.85869
8.87373
9.27268
9.17808
9.07269
8.77577
8.7781
8.97298
9.2009
8.93176
8.96425
9.14623
9.11984
8.86089
9.27797
9.27851
9.48328
9.0838
9.42766
9.19105
9.15882
8.80102
8.81266
8.88171
9.49596
9.2074
8.72853
9.15634
8.89409
9.15923
8.92827
8.89672
9.06637
9.02696
8.81356
9.00527
9.06844
9.06969
8.8141
9.10718
9.11695
9.375
9.15867
9.18962
8.99205
8.83044
9.37814
9.33921
8.9675
9.14962
9.03649
9.08267
9.30419
8.92133
8.97752
8.86003
9.402
9.14865
8.58983
8.75792
8.91198
8.90756
8.69768
9.38122
9.15205
8.98613
9.06336
8.72299
8.95032
8.8475
9.01229
9.10577
9.18173
9.1062
8.91582
9.00697
8.98279
9.07515
9.06106
9.25988
8.90587
9.09038
9.69198
9.13374
9.01276
9.05352
9.01315
9.0761
9.03202
8.97498
9.15899
9.40233
8.88607
8.97678
8.65139
9.36161
9.20746
9.28054
9.4299
8.92814
9.19615
9.36529
9.31988
9.11917
9.05163
9.2572
9.20863
9.33831
9.06993
9.08156
9.43442
9.29121
8.98312
8.95201
8.85619
9.5408
9.27559
9.03866
9.4337
9.3069
9.21617
8.95925
9.21501
9.25803
9.20558
9.01348
9.4658
9.17557
9.35405
8.96445
9.19325
8.83799
9.12977
9.04264
9.1604
9.15871
9.33456
8.98376
9.06096
9.08368
9.30003
9.10064
9.09808
9.18093
8.92247
9.27365
9.16125
9.26058
9.39704
8.98227
9.17064
9.2711
9.31379
9.43383
9.05722
9.46484
9.42514
9.40209
9.38229
9.15629
9.0434
9.40954
8.56257
9.00649
9.57149
9.29926
9.43605
8.81674
9.09343
9.36894
8.91676
9.15426
9.03741
8.98608
8.86315
9.08845
9.31564
9.19294
9.37319
9.14337
9.42356
9.17012
9.25613
9.04367
8.95732
9.14197
8.5032
9.21164
9.06255
9.55167
9.32032
8.98604
9.15583
8.9279
9.27482
9.36232
9.4686
9.36625
9.09603
9.09313
9.28728
9.03498
9.3317
9.37872
9.2062
9.44
8.85474
8.96475
9.64046
9.33732
9.19507
9.4484
9.37426
9.37258
9.55926
9.308
9.26814
9.58317
9.23933
9.17154
9.28935
8.75264
9.22669
8.90439
9.18049
9.31837
9.22152
9.36042
9.40698
9.8205
9.23547
9.18819
8.80416
9.38348
9.45302
9.43652
9.29815
9.20022
9.35473
9.10878
8.97169
9.33218
9.347
8.86878
8.88779
8.64309
8.89771
9.30793
8.92393
8.63456
9.00519
9.01971
9.10096
8.81476
9.07683
9.44892
9.36435
9.4183
9.20126
8.85451
9.10619
9.3594
9.09966
9.16201
9.27987
9.69425
9.33314
9.3524
8.99043
9.35829
9.37041
9.14926
8.97461
9.20292
9.33054
8.92259
9.28339
9.35991
9.02011
9.00666
9.27885
9.14735
8.72338
9.37985
9.17112
9.07917
8.90756
9.18581
9.42155
9.36984
9.62449
8.75599
8.72173
8.92082
8.83246
8.66495
9.10721
8.99414
8.58905
9.25839
8.97539
9.2155
8.94485
9.00964
8.94932
9.17873
8.90346
9.35971
9.10426
8.449
9.09196
8.7131
9.11494
9.14406
9.02179
8.53073
9.47065
9.20077
8.91806
8.50747
9.05752
9.09083
9.08943
8.91857
9.04271
8.8576
8.85676
8.7322
9.13956
8.84056
8.84359
9.051
9.00257
8.89794
9.44958
9.1377
9.55989
9.07805
8.83728
8.92048
8.8822
9.06516
9.12608
9.67245
9.44372
9.20715
9.29805
9.46444
9.17347
8.91107
9.07497
8.93355
9.21875
9.52715
9.43273
9.54183
9.10246
9.53839
9.42162
8.79179
9.26145
9.11064
8.78878
9.15063
9.23044
9.05158
9.59917
9.32741
9.12385
9.28014
9.77942
9.13747
9.18337
9.52884
9.07354
9.29585
9.3595
9.50044
8.88132
9.09669
9.2388
9.41775
9.06357
9.24154
9.44512
9.34587
9.44576
9.29905
9.64814
9.63165
9.46824
9.08782
9.08188
9.1827
9.57624
8.9782
8.92964
9.33432
9.28669
9.10433
9.00812
9.242
9.10505
9.23156
9.32442
9.4167
9.27899
8.9237
9.39832
9.10473
9.0755
9.23022
9.35535
8.91986
9.24376
9.04521
9.23952
9.18477
9.25387
9.37024
9.51622
9.29868
9.2944
9.24058
9.61423
9.14654
9.04399
9.07997
9.09252
9.23754
9.05026
8.80174
9.15508
9.35461
9.10839
9.33291
9.20384
9.26231
9.42529
9.3277
9.4085
8.98725
8.68317
8.71485
9.39366
9.24721
9.20211
8.72989
9.27137
8.93192
9.14548
8.77785
8.87306
9.5472
9.20711
9.20144
9.54559
8.93589
9.00236
8.72829
8.97017
8.80437
8.97547
9.0327
9.00219
9.04461
9.0319
9.13317
9.04157
9.4774
8.63769
9.00216
8.69998
9.02548
8.94409
8.91564
9.21734
8.80701
8.88063
9.07153
9.16226
9.36264
9.37148
9.58995
8.79288
9.11503
8.85359
8.90577
9.24335
8.7947
8.69311
8.67205
8.65646
9.12055
9.03855
9.24929
8.83757
9.0417
8.89358
9.13817
9.06316
9.48938
9.04623
8.65453
8.68051
8.9285
8.9384
8.9242
9.01003
8.9868
9.49723
8.54823
8.828
8.65393
9.10381
8.84784
9.29995
8.66467
8.8859
9.24813
8.67438
8.69711
9.01032
9.19914
8.75004
8.99523
8.81356
9.0322
8.81333
8.68747
9.14669
8.85696
9.29932
9.13779
8.79606
8.85137
8.37447
8.8649
9.0905
8.92433
8.99931
9.00397
9.13775
9.07417
9.15987
8.98895
9.16488
9.18307
9.2605
9.03599
8.68855
8.89488
9.02231
9.06909
8.98426
9.07369
9.23337
8.90303
8.66969
8.89607
8.72354
8.80722
8.98281
9.00984
8.99675
9.02829
9.09761
8.91606
8.93617
8.9685
9.30884
9.11951
9.10981
9.15566
9.14763
8.97193
9.48097
8.83549
9.43017
9.22702
8.86616
9.18066
8.95171
8.8465
8.9947
9.11702
9.08622
9.25878
8.91512
9.15456
9.38071
9.09718
9.33915
8.96747
8.98488
9.26484
8.70368
8.98246
9.65626
8.77151
8.92717
9.13908
9.11409
8.85772
8.9485
9.29081
9.00796
8.86489
9.10723
8.95376
9.30893
8.68659
9.25626
8.92014
9.29079
9.02313
9.23388
8.71476
8.96959
8.88156
8.81475
9.24234
9.29541
9.00583
9.36851
9.06154
9.05674
8.81295
9.08011
8.93252
9.20665
8.87248
8.98751
9.09469
9.63993
8.97065
9.32429
8.99779
8.91602
8.99826
9.40527
9.01606
9.20069
9.10749
8.77481
9.87322
8.91714
8.77162
8.86111
9.36264
8.9191
9.23662
8.53964
9.102
9.22941
8.76783
9.40084
8.8374
8.96325
9.17747
9.24952
8.98455
8.90263
9.52455
8.71596
9.15055
8.83488
9.29006
9.34309
8.78714
8.97253
9.09438
8.86124
9.32294
8.8658
9.07113
9.14353
9.39371
8.95231
9.22257
9.25102
9.00062
9.36618
9.13062
9.00738
9.13969
8.96875
9.44826
8.94969
9.01655
8.79035
9.27472
9.32113
8.83015
9.13611
9.09381
8.76869
9.11554
8.81332
9.23974
8.95
9.48725
9.09458
9.06429
9.05974
9.05204
9.08475
8.79107
8.92426
8.98834
9.34633
9.0269
8.72883
9.07476
8.97045
9.14376
9.14921
9.19633
8.86547
9.75074
9.10995
8.86642
8.87806
9.00934
8.9355
9.43313
9.20935
8.87663
9.19905
8.64607
9.19764
8.99049
8.7949
9.18673
9.3531
9.1141
9.2655
9.12986
8.67689
8.81988
8.9218
9.17714
8.76551
9.01322
9.23646
8.86782
8.93458
9.06742
9.293
9.20129
9.08491
8.47556
9.12086
9.43497
8.72756
9.22587
9.09625
9.13676
9.0124
9.38237
9.03055
9.5651
8.92017
9.43984
8.89105
9.25975
8.90274
9.41349
9.22787
8.99805
8.94169
9.57505
9.22869
9.15491
9.18716
9.50076
8.68312
9.48652
8.81569
8.97763
8.85886
9.02319
9.17665
9.11039
9.2487
9.56071
9.19302
9.13761
9.09563
9.21411
8.82891
9.27227
9.4594
9.38449
9.28503
9.57211
9.35863
8.77322
8.95758
9.00521
8.97882
8.77957
9.34852
8.84017
8.61826
9.12623
9.62234
9.55745
8.88128
8.99855
8.76305
9.34662
9.17075
9.18334
8.88494
9.51974
9.34322
8.86527
8.73129
8.96847
9.06452
8.85187
8.97295
8.81676
9.37749
9.58653
9.19121
8.81357
9.32261
9.14331
9.00599
9.07006
8.83193
9.10103
8.91769
9.14051
9.11797
9.02342
8.66455
9.32731
9.28007
9.25963
9.24162
8.5496
9.0637
9.02816
9.26385
9.15565
9.06429
8.88786
9.34743
9.12473
9.12327
9.07239
9.38775
8.57195
8.82228
8.70618
9.06845
8.60214
9.14136
9.20308
8.75637
9.49188
8.99218
8.96943
8.95022
9.01509
9.21216
8.99268
9.2257
8.91292
9.2305
9.41669
9.71668
9.20416
8.83732
9.14526
9.17056
9.19903
9.40233
8.90436
8.80257
9.42785
8.76773
9.15073
8.86069
9.13478
9.12935
9.18817
9.3261
9.17988
9.47186
8.86513
9.51197
8.87483
8.90103
9.24061
8.80872
9.26807
8.64545
9.07235
9.37307
8.94961
9.42185
9.25861
9.47202
9.28036
9.44805
9.27227
9.43857
9.24588
9.30145
9.1753
9.26207
9.15401
9.78863
9.45596
9.04043
9.29692
9.01438
8.84228
9.17369
9.05879
9.11072
9.6248
9.17872
8.81064
8.95331
9.2312
9.16947
9.27347
9.13791
9.20913
9.54154
9.14689
8.99626
9.50501
9.35231
9.54406
9.21205
8.94799
8.6264
9.24123
9.38592
9.35754
9.17894
9.14891
9.17127
8.52095
9.17337
8.8242
9.38062
9.26682
9.12737
9.14661
9.16193
9.02786
9.22918
8.81676
9.27861
9.64365
9.32887
8.97628
9.37271
9.24962
9.22448
9.28295
8.87859
8.58152
9.23584
9.09279
8.92416
9.33995
9.50951
9.20846
9.0641
9.0864
8.92306
9.00263
9.01397
9.09027
8.99724
9.46685
9.48142
8.86231
9.14093
8.76571
9.42884
9.11856
9.35895
9.54898
9.55558
9.31716
9.18236
9.00508
9.20705
9.08793
9.47148
9.09749
9.85059
9.43561
9.51194
9.01692
9.17756
9.14677
9.24639
9.25652
9.17176
9.47494
8.89727
9.21407
9.22159
9.49894
8.94805
8.98505
9.66961
9.25554
9.30557
9.26073
9.13916
9.27096
9.29923
8.772
9.46317
9.18157
9.33398
9.12146
8.93229
9.12411
9.50168
9.38446
9.08836
8.88926
9.74399
9.32657
9.29763
9.22523
8.97031
9.40394
9.12702
9.37174
9.12301
9.14505
9.17031
9.21463
8.90262
9.15825
8.73164
9.02569
9.02353
9.32022
9.25634
9.32566
8.93658
9.42704
9.20838
9.17645
8.96336
9.43408
9.04406
9.37657
9.22628
9.45259
8.89191
8.75337
8.65315
9.58772
8.91242
9.19049
9.17207
8.95637
9.24228
8.6937
8.92544
8.59552
8.87356
8.9702
8.88459
9.27391
9.43242
9.61051
8.73671
8.82334
8.89276
9.10703
9.28047
8.9288
8.82789
9.3219
9.18265
9.33686
8.9858
9.50875
8.90102
9.26618
9.46803
9.26067
9.16975
9.1198
9.01805
9.06005
9.11328
9.1201
9.78644
9.24516
9.17679
9.05204
8.96002
9.04824
9.16651
9.21666
8.90743
9.42854
9.22332
9.62385
8.85155
9.03996
9.24119
9.21397
9.12903
8.91954
8.83721
9.09536
9.28389
9.1428
9.72241
9.06745
8.69433
8.96274
9.43158
9.15674
9.06014
9.00938
9.13995
8.97199
9.30314
9.1755
9.06033
9.29951
8.9543
9.20218
9.17683
8.80201
9.26982
8.55255
9.02445
8.7454
9.17593
9.11487
9.07772
9.26239
8.73238
9.0439
9.29254
9.39614
9.3615
9.01546
9.12474
9.23891
9.68173
9.12765
9.08552
9.33328
8.79065
9.54364
8.80741
9.1366
9.16213
9.29346
8.92653
8.88734
8.98636
9.10629
9.54064
9.15287
9.37513
9.40061
9.73478
9.26178
9.06164
9.47034
8.87302
9.27254
9.22111
9.37761
9.06996
8.90847
8.86026
9.45785
9.13816
9.49333
9.12306
8.81452
9.18611
9.19041
9.31393
8.84256
9.28874
8.84046
9.43079
8.93599
9.26835
9.38562
8.74282
9.53746
8.7061
9.39173
9.07364
9.24894
9.30061
9.04709
8.94376
8.87112
9.31193
9.17393
9.02593
9.23987
9.44401
9.23696
9.1264
8.62239
9.10616
9.02294
8.96402
9.31311
9.25394
9.35459
9.28414
9.22806
9.42658
9.36838
9.18924
9.16447
9.4017
9.39324
9.14948
9.52406
8.94065
8.8769
9.29064
9.07715
9.18959
8.78972
9.28936
9.08522
9.113
9.00281
8.93585
9.00497
8.90397
9.01288
9.01702
8.98954
9.0091
8.87315
8.7763
8.7241
9.19146
9.28867
9.56744
9.10198
9.36522
9.07381
9.08637
9.1328
8.59763
9.20404
9.45949
9.35061
9.44904
9.07122
9.13371
9.03105
8.86485
9.2542
9.19381
9.469
9.30521
9.60865
9.74657
8.97872
9.45392
9.60174
9.64465
9.41584
9.53673
9.32601
9.59767
9.43916
9.2046
9.32294
9.15816
9.02256
8.82236
9.40515
9.2686
9.44624
8.81237
8.86838
9.62056
8.78681
8.95357
8.91506
9.10064
8.85195
8.8093
8.88581
9.30146
9.33328
9.14464
9.09296
9.11112
9.33586
9.24609
8.92811
8.83312
9.03413
8.78817
9.1167
8.92439
9.17483
8.82749
8.55128
9.15776
9.19456
8.86612
8.62432
9.11751
8.53942
9.23841
8.89483
8.78749
9.0656
8.82365
9.07431
8.9465
9.22312
8.9615
8.94611
9.01816
8.40455
9.49894
9.09482
9.05796
9.00658
9.03099
9.16093
8.90535
8.99007
8.98356
9.32839
8.87345
9.47065
9.19813
9.22624
9.34286
9.00979
9.07131
8.982
9.19404
9.18559
9.23092
9.20128
8.99605
9.53577
9.81515
9.03302
9.40109
9.6118
9.54649
9.4113
9.39848
9.41551
9.57568
9.10218
9.04841
9.0939
9.31033
9.17833
9.86427
9.11741
9.56627
9.40029
8.9557
9.64294
9.30194
9.23669
9.12375
8.96361
9.01865
9.01054
9.21851
9.06984
9.32392
9.12766
8.90657
9.18008
8.86194
9.6968
9.33151
9.35336
9.17062
9.4791
8.90568
8.91173
9.01401
9.28278
9.33805
8.65386
9.29551
9.02013
9.10697
9.04235
8.94021
9.26893
9.34014
9.09942
9.10253
9.25374
9.26613
9.66662
9.20312
9.14897
9.61953
9.3302
9.18601
8.89179
8.95912
8.84566
8.82261
8.96799
9.15105
9.16194
8.60811
8.93436
9.1198
9.20627
9.15232
8.66151
8.88198
8.64815
9.16161
8.41161
8.60275
9.06334
9.00315
9.07202
9.17289
9.29613
8.61556
9.22515
8.96793
8.94424
9.12523
8.83936
9.03461
8.57015
9.16554
8.73955
9.14388
9.13805
8.87389
8.98312
8.88695
8.98092
8.7274
9.26517
9.21626
9.22118
8.95681
9.33398
9.23495
9.61625
8.92307
9.27387
9.13329
9.30794
9.19854
8.95998
9.35487
8.99271
9.06599
8.86022
8.67559
9.05257
9.13309
9.07983
9.09943
9.20684
8.69168
8.98199
9.01955
9.00641
9.3345
8.58611
8.98813
9.04466
9.18966
8.96406
9.07065
8.75867
8.75892
9.03428
8.95467
9.07662
9.10161
9.324
8.89863
8.92166
9.05947
8.92958
9.05134
8.98532
9.19658
9.17531
9.09105
9.04446
8.99906
8.946
9.17617
8.86866
9.20011
9.55809
9.37765
9.08437
8.56036
9.52332
8.87067
9.20843
9.26126
9.32385
9.15827
9.20385
9.32617
9.37561
8.94817
9.01154
9.24917
9.31553
9.08457
9.10484
9.05526
9.49886
9.00569
9.48644
9.16226
9.04055
9.14191
9.16534
9.11119
9.10701
9.05397
9.0269
8.86748
8.97715
9.42125
9.23922
9.31462
8.95722
8.87954
9.52103
8.84472
8.84283
8.87439
9.27398
9.1066
9.27479
8.97382
8.99228
8.98368
9.12718
8.64508
9.05701
9.09594
9.15363
9.11546
8.94807
9.2553
8.85208
9.16941
8.93489
9.38291
9.36542
9.24831
9.26733
9.18752
9.07153
9.55238
8.97495
8.70019
8.8703
9.07153
9.04528
8.86897
9.19356
8.95071
9.07814
9.46287
9.73959
9.11158
9.38735
9.08996
9.10855
9.4495
8.91605
9.16862
9.02509
9.19093
8.91072
8.90208
9.09671
9.46085
9.11308
9.29904
8.92175
9.17207
8.75206
